Ref. Par.:   238   90
Brho01: 7.3950 Tm
Brho12: 7.3950 Tm
Brho23: 7.3950 Tm
Brho34: 7.3560 Tm
Brho45: 7.3560 Tm
Brho56: 7.3550 Tm
Brho67: 7.3550 Tm
                                      unit: mm,mrad,dp/p(%)
F0-F1
 -0.170131E+01  0.399628E+00  0.            0.           -0.491255E+00  100000
  0.478675E-03 -0.587895E+00  0.            0.            0.721918E+00  010000
  0.            0.           -0.498880E+01 -0.187930E+00  0.            001000
  0.            0.           -0.715249E-03 -0.200476E+00  0.            000100
  0.            0.            0.            0.            0.100000E+01  000010
 -0.214071E+02 -0.536352E-02  0.            0.            0.333781E+02  000001
-------------------------------------------------------------------------------
F0-F2
  0.200309E+01 -0.413832E-01  0.            0.           -0.242854E-03  100000
 -0.354231E-02  0.499301E+00  0.            0.           -0.167840E-03  010000
  0.            0.            0.160076E+01 -0.219718E+00  0.            001000
  0.            0.            0.192118E-02  0.624441E+00  0.            000100
  0.            0.            0.            0.            0.100000E+01  000010
 -0.587594E-02  0.223495E-02  0.            0.            0.707131E+02  000001
-------------------------------------------------------------------------------
F0-F3
 -0.216476E+01  0.332513E-01  0.            0.           -0.242854E-03  100000
  0.237325E-01 -0.462309E+00  0.            0.           -0.167840E-03  010000
  0.            0.           -0.188373E+01  0.155290E+00  0.            001000
  0.            0.           -0.232717E-01 -0.528943E+00  0.            000100
  0.            0.            0.            0.            0.100000E+01  000010
  0.643446E-02 -0.205455E-02  0.            0.            0.986021E+02  000001
-------------------------------------------------------------------------------
F0-F4
  0.300160E+01 -0.223664E+00  0.            0.            0.282968E+00  100000
  0.330300E+00  0.308543E+00  0.            0.           -0.390956E+00  010000
  0.            0.            0.639900E+01  0.527251E+00  0.            001000
  0.            0.            0.179217E+00  0.171041E+00  0.            000100
  0.            0.            0.            0.            0.100000E+01  000010
 -0.221090E+02  0.235246E-02  0.            0.            0.135390E+03  000001
-------------------------------------------------------------------------------
F0-F5
 -0.200246E+01  0.721993E-01  0.            0.            0.132862E+00  100000
  0.387617E-01 -0.500782E+00  0.            0.           -0.910623E+00  010000
  0.            0.           -0.196345E+01 -0.428402E+00  0.            001000
  0.            0.           -0.216137E-01 -0.514023E+00  0.            000100
  0.            0.            0.            0.            0.100000E+01  000010
  0.317309E+02  0.137597E-01  0.            0.            0.174716E+03  000001
-------------------------------------------------------------------------------
F0-F6
  0.311002E+01  0.137547E+00  0.            0.           -0.163255E+00  100000
 -0.426440E+00  0.302681E+00  0.            0.           -0.384081E+00  010000
  0.            0.            0.622261E+01 -0.248506E+00  0.            001000
  0.            0.           -0.484784E-01  0.162640E+00  0.            000100
  0.            0.            0.            0.            0.100000E+01  000010
 -0.220601E+02 -0.595999E-01  0.            0.            0.213946E+03  000001
-------------------------------------------------------------------------------
F0-F7
 -0.217038E+01  0.974055E-01  0.            0.            0.117487E-01  100000
  0.463908E-01 -0.462830E+00  0.            0.           -0.156374E-02  010000
  0.            0.           -0.188215E+01 -0.105112E+01  0.            001000
  0.            0.           -0.158814E-01 -0.540178E+00  0.            000100
  0.            0.            0.            0.            0.100000E+01  000010
  0.497159E-01  0.922341E-01  0.            0.            0.250560E+03  000001
-------------------------------------------------------------------------------
F1-F2
 -0.117619E+01 -0.175206E+00  0.            0.           -0.978199E-04  100000
  0.506773E-02 -0.849446E+00  0.            0.            0.122826E+01  010000
  0.            0.           -0.320552E+00  0.161399E+00  0.            001000
  0.            0.           -0.843944E-02 -0.311537E+01  0.            000100
  0.            0.            0.            0.            0.100000E+01  000010
 -0.251848E+02 -0.375297E+01  0.            0.            0.373395E+02  000001
-------------------------------------------------------------------------------
F1-F3
  0.126317E+01  0.165203E+00  0.            0.           -0.978199E-04  100000
 -0.393401E-01  0.786515E+00  0.            0.            0.122826E+01  010000
  0.            0.            0.373269E+00 -0.130536E+00  0.            001000
  0.            0.            0.114751E+00  0.263890E+01  0.            000100
  0.            0.            0.            0.            0.100000E+01  000010
  0.270471E+02  0.353869E+01  0.            0.            0.652285E+02  000001
-------------------------------------------------------------------------------
F1-F4
 -0.189662E+01  0.818821E-02  0.            0.           -0.104261E-01  100000
 -0.563379E+00 -0.524821E+00  0.            0.            0.189297E+01  010000
  0.            0.           -0.124917E+01 -0.735573E-01  0.            001000
  0.            0.           -0.889502E+00 -0.852913E+00  0.            000100
  0.            0.            0.            0.            0.100000E+01  000010
 -0.627542E+02  0.174997E+00  0.            0.            0.101765E+03  000001
-------------------------------------------------------------------------------
F1-F5
  0.116175E+01  0.157681E+00  0.            0.            0.285494E+00  100000
 -0.649872E-01  0.851952E+00  0.            0.            0.277716E+01  010000
  0.            0.            0.389563E+00 -0.107160E-01  0.            001000
  0.            0.            0.106422E+00  0.256405E+01  0.            000100
  0.            0.            0.            0.            0.100000E+01  000010
  0.566253E+02  0.339723E+01  0.            0.            0.147437E+03  000001
-------------------------------------------------------------------------------
F1-F6
 -0.165795E+01 -0.201823E+00  0.            0.            0.249159E+00  100000
  0.724018E+00 -0.515020E+00  0.            0.            0.188149E+01  010000
  0.            0.           -0.125659E+01  0.803845E-01  0.            001000
  0.            0.            0.246300E+00 -0.811558E+00  0.            000100
  0.            0.            0.            0.            0.100000E+01  000010
 -0.575848E+02 -0.438728E+01  0.            0.            0.185883E+03  000001
-------------------------------------------------------------------------------
F1-F7
  0.125742E+01  0.127696E+00  0.            0.           -0.658976E-02  100000
 -0.778863E-01  0.787370E+00  0.            0.            0.123063E+01  010000
  0.            0.            0.374340E+00  0.109208E+00  0.            001000
  0.            0.            0.778832E-01  0.269409E+01  0.            000100
  0.            0.            0.            0.            0.100000E+01  000010
  0.269948E+02  0.283288E+01  0.            0.            0.217013E+03  000001
-------------------------------------------------------------------------------
F2-F3
 -0.107989E+01 -0.252942E-02  0.            0.            0.            100000
  0.398701E-01 -0.925930E+00  0.            0.            0.            010000
  0.            0.           -0.118139E+01 -0.192487E-01  0.            001000
  0.            0.           -0.336334E-01 -0.847007E+00  0.            000100
  0.            0.            0.            0.            0.100000E+01  000010
  0.            0.            0.            0.            0.278889E+02  000001
-------------------------------------------------------------------------------
F2-F4
  0.151237E+01 -0.989070E-01  0.            0.            0.125235E+00  100000
  0.672254E+00  0.617249E+00  0.            0.           -0.781781E+00  010000
  0.            0.            0.403518E+01  0.366818E+00  0.            001000
  0.            0.            0.274589E+00  0.272782E+00  0.            000100
  0.            0.            0.            0.            0.100000E+01  000010
 -0.221016E+02  0.389789E-03  0.            0.            0.646078E+02  000001
-------------------------------------------------------------------------------
F2-F5
 -0.998227E+00  0.153252E-01  0.            0.            0.287817E-01  100000
  0.705501E-01 -0.100286E+01  0.            0.           -0.182326E+01  010000
  0.            0.           -0.123081E+01 -0.380452E+00  0.            001000
  0.            0.           -0.308262E-01 -0.822003E+00  0.            000100
  0.            0.            0.            0.            0.100000E+01  000010
  0.317249E+02  0.160935E-01  0.            0.            0.103936E+03  000001
-------------------------------------------------------------------------------
F2-F6
  0.153519E+01  0.812034E-01  0.            0.           -0.972796E-01  100000
 -0.843182E+00  0.606785E+00  0.            0.           -0.769592E+00  010000
  0.            0.            0.387500E+01 -0.119443E+00  0.            001000
  0.            0.           -0.895568E-01  0.260825E+00  0.            000100
  0.            0.            0.            0.            0.100000E+01  000010
 -0.220492E+02 -0.604798E-01  0.            0.            0.143161E+03  000001
-------------------------------------------------------------------------------
F2-F7
 -0.108175E+01  0.294813E-01  0.            0.            0.592964E-02  100000
  0.852370E-01 -0.926747E+00  0.            0.           -0.275365E-02  010000
  0.            0.           -0.117878E+01 -0.775047E+00  0.            001000
  0.            0.           -0.218064E-01 -0.862673E+00  0.            000100
  0.            0.            0.            0.            0.100000E+01  000010
  0.431623E-01  0.944809E-01  0.            0.            0.179774E+03  000001
-------------------------------------------------------------------------------
F3-F4
 -0.139865E+01  0.931422E-01  0.            0.           -0.117936E+00  100000
 -0.786256E+00 -0.662615E+00  0.            0.            0.839242E+00  010000
  0.            0.           -0.341254E+01 -0.305447E+00  0.            001000
  0.            0.           -0.188681E+00 -0.309925E+00  0.            000100
  0.            0.            0.            0.            0.100000E+01  000010
 -0.221016E+02  0.389789E-03  0.            0.            0.366908E+02  000001
-------------------------------------------------------------------------------
F3-F5
  0.924467E+00 -0.167267E-01  0.            0.           -0.312616E-01  100000
 -0.363866E-01  0.108236E+01  0.            0.            0.196776E+01  010000
  0.            0.            0.104191E+01  0.306423E+00  0.            001000
  0.            0.           -0.497847E-02  0.958311E+00  0.            000100
  0.            0.            0.            0.            0.100000E+01  000010
  0.317249E+02  0.160935E-01  0.            0.            0.760192E+02  000001
-------------------------------------------------------------------------------
F3-F6
 -0.142361E+01 -0.736539E-01  0.            0.            0.881275E-01  100000
  0.849333E+00 -0.658497E+00  0.            0.            0.834950E+00  010000
  0.            0.           -0.328388E+01  0.106189E+00  0.            001000
  0.            0.            0.236131E+00 -0.312154E+00  0.            000100
  0.            0.            0.            0.            0.100000E+01  000010
 -0.220492E+02 -0.604798E-01  0.            0.            0.115243E+03  000001
-------------------------------------------------------------------------------
F3-F7
  0.100185E+01 -0.296417E-01  0.            0.           -0.549739E-02  100000
 -0.489166E-01  0.999606E+00  0.            0.            0.273721E-02  010000
  0.            0.            0.998014E+00  0.639865E+00  0.            001000
  0.            0.           -0.138844E-01  0.993088E+00  0.            000100
  0.            0.            0.            0.            0.100000E+01  000010
  0.431623E-01  0.944809E-01  0.            0.            0.151856E+03  000001
-------------------------------------------------------------------------------
F4-F5
 -0.609177E+00 -0.897303E-01  0.            0.           -0.162545E+00  100000
  0.777760E+00 -0.152700E+01  0.            0.           -0.151025E+01  010000
  0.            0.           -0.324435E+00  0.197745E+00  0.            001000
  0.            0.            0.213578E+00 -0.321246E+01  0.            000100
  0.            0.            0.            0.            0.100000E+01  000010
  0.182608E+02 -0.196650E+01  0.            0.            0.357365E+02  000001
-------------------------------------------------------------------------------
F4-F6
  0.864198E+00  0.110138E+00  0.            0.           -0.136141E+00  100000
 -0.230724E+01  0.863095E+00  0.            0.            0.168021E+00  010000
  0.            0.            0.108988E+01 -0.128257E+00  0.            001000
  0.            0.           -0.142541E+01  0.108527E+01  0.            000100
  0.            0.            0.            0.            0.100000E+01  000010
 -0.294760E+01  0.237348E+01  0.            0.            0.755421E+02  000001
-------------------------------------------------------------------------------
F4-F7
 -0.659282E+00 -0.734644E-01  0.            0.            0.341004E-02  100000
  0.856124E+00 -0.142140E+01  0.            0.            0.125838E+01  010000
  0.            0.           -0.313551E+00  0.105025E+00  0.            001000
  0.            0.            0.235687E+00 -0.326822E+01  0.            000100
  0.            0.            0.            0.            0.100000E+01  000010
 -0.145287E+02 -0.152869E+01  0.            0.            0.115239E+03  000001
-------------------------------------------------------------------------------
F5-F6
 -0.152666E+01 -0.907347E-01  0.            0.            0.110274E+00  100000
  0.733380E+00 -0.611439E+00  0.            0.           -0.104290E+01  010000
  0.            0.           -0.321933E+01  0.197414E+00  0.            001000
  0.            0.            0.229679E+00 -0.324708E+00  0.            000100
  0.            0.            0.            0.            0.100000E+01  000010
  0.263733E+02  0.282798E+01  0.            0.            0.357400E+02  000001
-------------------------------------------------------------------------------
F5-F7
  0.108354E+01 -0.153630E-01  0.            0.           -0.498215E-02  100000
 -0.876803E-02  0.923024E+00  0.            0.           -0.181566E+01  010000
  0.            0.            0.960663E+00  0.308885E+00  0.            001000
  0.            0.           -0.949775E-02  0.103789E+01  0.            000100
  0.            0.            0.            0.            0.100000E+01  000010
 -0.343328E+02  0.567026E+00  0.            0.            0.760223E+02  000001
-------------------------------------------------------------------------------
F6-F7
 -0.663315E+00  0.931438E-01  0.            0.            0.355914E-03  100000
 -0.781262E+00 -0.139787E+01  0.            0.            0.126427E+01  010000
  0.            0.           -0.310060E+00 -0.305192E+00  0.            001000
  0.            0.           -0.190067E+00 -0.341227E+01  0.            000100
  0.            0.            0.            0.            0.100000E+01  000010
 -0.146296E+02  0.206368E+01  0.            0.            0.366976E+02  000001
-------------------------------------------------------------------------------
F7-F6
 -0.139821E+01  0.931160E-01  0.            0.            0.117953E+00  100000
 -0.785338E+00 -0.662899E+00  0.            0.           -0.838047E+00  010000
  0.            0.           -0.341306E+01 -0.305502E+00  0.            001000
  0.            0.           -0.188129E+00 -0.309832E+00  0.            000100
  0.            0.            0.            0.            0.100000E+01  000010
  0.220649E+02  0.271482E-02  0.            0.            0.366976E+02  000001
-------------------------------------------------------------------------------
F7-F5
  0.924207E+00 -0.167190E-01  0.            0.            0.318482E-01  100000
 -0.325118E-01  0.108260E+01  0.            0.           -0.196719E+01  010000
  0.            0.            0.104048E+01  0.311684E+00  0.            001000
  0.            0.           -0.475840E-02  0.959669E+00  0.            000100
  0.            0.            0.            0.            0.100000E+01  000010
 -0.317094E+02 -0.277334E-01  0.            0.            0.760206E+02  000001
-------------------------------------------------------------------------------
F6-F5
 -0.609629E+00 -0.897241E-01  0.            0.            0.162221E+00  100000
  0.771273E+00 -0.152683E+01  0.            0.            0.151116E+01  010000
  0.            0.           -0.323827E+00  0.196611E+00  0.            001000
  0.            0.            0.211986E+00 -0.321677E+01  0.            000100
  0.            0.            0.            0.            0.100000E+01  000010
 -0.182600E+02  0.195617E+01  0.            0.            0.357395E+02  000001
-------------------------------------------------------------------------------
