Ref. Par.:    22    6
Brho01: 9.4800 Tm
Brho12: 9.4800 Tm
Brho23: 9.2500 Tm
Brho34: 9.0800 Tm
Brho45: 9.0800 Tm
Brho56: 9.0800 Tm
Brho67: 9.0800 Tm
                                      unit: mm,mrad,dp/p(%)
F0-F1
 -0.146958E+01  0.234786E+00  0.            0.           -0.285318E+00  100000
 -0.599542E-02 -0.679510E+00  0.            0.            0.823368E+00  010000
  0.            0.           -0.500097E+01  0.672041E-01  0.            001000
  0.            0.           -0.522118E-02 -0.199891E+00  0.            000100
  0.            0.            0.            0.            0.100000E+01  000010
 -0.214314E+02 -0.991666E-02  0.            0.            0.352429E+02  000001
-------------------------------------------------------------------------------
F0-F2
  0.171883E+01  0.533505E-01  0.            0.           -0.320980E-02  100000
  0.145004E-02  0.581837E+00  0.            0.           -0.614646E-03  010000
  0.            0.            0.156999E+01 -0.992769E+00  0.            001000
  0.            0.            0.140784E-01  0.628045E+00  0.            000100
  0.            0.            0.            0.            0.100000E+01  000010
 -0.186033E-01  0.324516E-01  0.            0.            0.746120E+02  000001
-------------------------------------------------------------------------------
F0-F3
 -0.229172E+01 -0.408602E-01  0.            0.           -0.320980E-02  100000
  0.282743E-02 -0.436304E+00  0.            0.           -0.614646E-03  010000
  0.            0.           -0.232819E+01  0.478830E+00  0.            001000
  0.            0.           -0.348565E-01 -0.422349E+00  0.            000100
  0.            0.            0.            0.            0.100000E+01  000010
  0.251826E-01 -0.244306E-01  0.            0.            0.104792E+03  000001
-------------------------------------------------------------------------------
F0-F4
  0.313622E+01 -0.580438E-01  0.            0.            0.406619E-01  100000
  0.344006E+00  0.312488E+00  0.            0.           -0.401278E+00  010000
  0.            0.            0.732265E+01  0.524956E-01  0.            001000
  0.            0.            0.201580E+00  0.138008E+00  0.            000100
  0.            0.            0.            0.            0.100000E+01  000010
 -0.226759E+02  0.188633E+00  0.            0.            0.144770E+03  000001
-------------------------------------------------------------------------------
F0-F5
 -0.193040E+01 -0.516411E-01  0.            0.           -0.988969E-01  100000
 -0.197476E-02 -0.518080E+00  0.            0.           -0.918552E+00  010000
  0.            0.           -0.232658E+01  0.237532E+00  0.            001000
  0.            0.           -0.361558E-01 -0.426123E+00  0.            000100
  0.            0.            0.            0.            0.100000E+01  000010
  0.315947E+02 -0.677433E-01  0.            0.            0.184780E+03  000001
-------------------------------------------------------------------------------
F0-F6
  0.307967E+01  0.121624E+00  0.            0.           -0.132355E+00  100000
 -0.310171E+00  0.312461E+00  0.            0.           -0.403422E+00  010000
  0.            0.            0.743416E+01 -0.206611E+00  0.            001000
  0.            0.            0.221524E-01  0.133898E+00  0.            000100
  0.            0.            0.            0.            0.100000E+01  000010
 -0.228714E+02 -0.137396E+00  0.            0.            0.224872E+03  000001
-------------------------------------------------------------------------------
F0-F7
 -0.230291E+01 -0.480213E-01  0.            0.           -0.605167E-02  100000
 -0.274095E-01 -0.434804E+00  0.            0.           -0.400596E-02  010000
  0.            0.           -0.232981E+01  0.489634E-02  0.            001000
  0.            0.           -0.354996E-01 -0.429144E+00  0.            000100
  0.            0.            0.            0.            0.100000E+01  000010
  0.161442E+00 -0.434619E-01  0.            0.            0.264575E+03  000001
-------------------------------------------------------------------------------
F1-F2
 -0.116830E+01 -0.172860E+00  0.            0.            0.176472E-02  100000
  0.817416E-02 -0.854734E+00  0.            0.            0.121260E+01  010000
  0.            0.           -0.314773E+00  0.156238E+00  0.            001000
  0.            0.           -0.622087E-01 -0.314602E+01  0.            000100
  0.            0.            0.            0.            0.100000E+01  000010
 -0.250569E+02 -0.368065E+01  0.            0.            0.394189E+02  000001
-------------------------------------------------------------------------------
F1-F3
  0.155658E+01  0.130203E+00  0.            0.            0.176472E-02  100000
 -0.178949E-01  0.640937E+00  0.            0.            0.121260E+01  010000
  0.            0.            0.467727E+00 -0.673303E-01  0.            001000
  0.            0.            0.162161E+00  0.211466E+01  0.            000100
  0.            0.            0.            0.            0.100000E+01  000010
  0.335290E+02  0.278446E+01  0.            0.            0.694471E+02  000001
-------------------------------------------------------------------------------
F1-F4
 -0.221186E+01 -0.339266E-01  0.            0.            0.660239E-01  100000
 -0.486741E+00 -0.459573E+00  0.            0.            0.180167E+01  010000
  0.            0.           -0.147728E+01 -0.197681E-01  0.            001000
  0.            0.           -0.969863E+00 -0.689899E+00  0.            000100
  0.            0.            0.            0.            0.100000E+01  000010
 -0.704413E+02 -0.548533E+00  0.            0.            0.110705E+03  000001
-------------------------------------------------------------------------------
F1-F5
  0.131219E+01  0.156729E+00  0.            0.            0.282304E+00  100000
 -0.867150E-02  0.761049E+00  0.            0.            0.256100E+01  010000
  0.            0.            0.467493E+00 -0.188432E-01  0.            001000
  0.            0.            0.168667E+00  0.213227E+01  0.            000100
  0.            0.            0.            0.            0.100000E+01  000010
  0.599286E+02  0.332409E+01  0.            0.            0.155392E+03  000001
-------------------------------------------------------------------------------
F1-F6
 -0.201984E+01 -0.156006E+00  0.            0.            0.184094E+00  100000
  0.474285E+00 -0.458456E+00  0.            0.            0.180378E+01  010000
  0.            0.           -0.148751E+01  0.323012E-01  0.            001000
  0.            0.           -0.719684E-01 -0.670701E+00  0.            000100
  0.            0.            0.            0.            0.100000E+01  000010
 -0.664810E+02 -0.351061E+01  0.            0.            0.193356E+03  000001
-------------------------------------------------------------------------------
F1-F7
  0.157129E+01  0.134717E+00  0.            0.            0.449204E-02  100000
  0.264734E-01  0.638690E+00  0.            0.            0.121756E+01  010000
  0.            0.            0.468094E+00  0.278615E-01  0.            001000
  0.            0.            0.165368E+00  0.214616E+01  0.            000100
  0.            0.            0.            0.            0.100000E+01  000010
  0.340904E+02  0.287185E+01  0.            0.            0.229176E+03  000001
-------------------------------------------------------------------------------
F2-F3
 -0.133356E+01 -0.496891E-03  0.            0.            0.            100000
  0.818293E-02 -0.749872E+00  0.            0.            0.            010000
  0.            0.           -0.149681E+01 -0.118569E+00  0.            001000
  0.            0.           -0.219471E-01 -0.669825E+00  0.            000100
  0.            0.            0.            0.            0.100000E+01  000010
  0.            0.            0.            0.            0.298577E+02  000001
-------------------------------------------------------------------------------
F2-F4
  0.180642E+01 -0.504434E-01  0.            0.            0.469018E-01  100000
  0.586740E+00  0.537198E+00  0.            0.           -0.688736E+00  010000
  0.            0.            0.479907E+01  0.169979E+00  0.            001000
  0.            0.            0.213387E+00  0.215932E+00  0.            000100
  0.            0.            0.            0.            0.100000E+01  000010
 -0.226612E+02  0.170123E+00  0.            0.            0.696194E+02  000001
-------------------------------------------------------------------------------
F2-F5
 -0.112307E+01 -0.240682E-02  0.            0.           -0.670181E-02  100000
 -0.595129E-03 -0.890416E+00  0.            0.           -0.157764E+01  010000
  0.            0.           -0.149709E+01 -0.273862E+00  0.            001000
  0.            0.           -0.240095E-01 -0.672353E+00  0.            000100
  0.            0.            0.            0.            0.100000E+01  000010
  0.315737E+02 -0.386752E-01  0.            0.            0.109657E+03  000001
-------------------------------------------------------------------------------
F2-F6
  0.180841E+01  0.540954E-01  0.            0.           -0.536515E-01  100000
 -0.537597E+00  0.536890E+00  0.            0.           -0.692170E+00  010000
  0.            0.            0.469098E+01  0.316911E-02  0.            001000
  0.            0.           -0.698825E-01  0.213128E+00  0.            000100
  0.            0.            0.            0.            0.100000E+01  000010
 -0.228200E+02 -0.153936E+00  0.            0.            0.149719E+03  000001
-------------------------------------------------------------------------------
F2-F7
 -0.133846E+01 -0.474349E-02  0.            0.           -0.147257E-02  100000
 -0.437729E-01 -0.747284E+00  0.            0.           -0.582497E-02  010000
  0.            0.           -0.149847E+01 -0.422966E+00  0.            001000
  0.            0.           -0.229339E-01 -0.673821E+00  0.            000100
  0.            0.            0.            0.            0.100000E+01  000010
  0.137786E+00 -0.191175E-01  0.            0.            0.189401E+03  000001
-------------------------------------------------------------------------------
F3-F4
 -0.135429E+01  0.380931E-01  0.            0.           -0.355126E-01  100000
 -0.797232E+00 -0.715970E+00  0.            0.            0.918084E+00  010000
  0.            0.           -0.318924E+01 -0.882537E-01  0.            001000
  0.            0.           -0.214075E+00 -0.319478E+00  0.            000100
  0.            0.            0.            0.            0.100000E+01  000010
 -0.226612E+02  0.170123E+00  0.            0.            0.396662E+02  000001
-------------------------------------------------------------------------------
F3-F5
  0.842160E+00  0.136237E-02  0.            0.            0.424159E-02  100000
  0.998365E-02  0.118744E+01  0.            0.            0.210392E+01  010000
  0.            0.            0.999944E+00  0.103719E+00  0.            001000
  0.            0.            0.308090E-02  0.100038E+01  0.            000100
  0.            0.            0.            0.            0.100000E+01  000010
  0.315737E+02 -0.386752E-01  0.            0.            0.797037E+02  000001
-------------------------------------------------------------------------------
F3-F6
 -0.135635E+01 -0.402979E-01  0.            0.            0.398878E-01  100000
  0.702117E+00 -0.716415E+00  0.            0.            0.923486E+00  010000
  0.            0.           -0.315042E+01  0.231475E-01  0.            001000
  0.            0.            0.207554E+00 -0.318943E+00  0.            000100
  0.            0.            0.            0.            0.100000E+01  000010
 -0.228200E+02 -0.153936E+00  0.            0.            0.119766E+03  000001
-------------------------------------------------------------------------------
F3-F7
  0.100365E+01  0.318570E-02  0.            0.            0.110135E-02  100000
  0.693261E-01  0.996583E+00  0.            0.            0.777997E-02  010000
  0.            0.            0.100099E+01  0.203419E+00  0.            001000
  0.            0.            0.144070E-02  0.999300E+00  0.            000100
  0.            0.            0.            0.            0.100000E+01  000010
  0.137786E+00 -0.191175E-01  0.            0.            0.159448E+03  000001
-------------------------------------------------------------------------------
F4-F5
 -0.603342E+00 -0.462086E-01  0.            0.           -0.736350E-01  100000
  0.657876E+00 -0.160705E+01  0.            0.           -0.157427E+01  010000
  0.            0.           -0.319189E+00  0.551508E-01  0.            001000
  0.            0.            0.204237E+00 -0.316823E+01  0.            000100
  0.            0.            0.            0.            0.100000E+01  000010
  0.177893E+02 -0.812422E+00  0.            0.            0.386367E+02  000001
-------------------------------------------------------------------------------
F4-F6
  0.944357E+00  0.561425E-01  0.            0.           -0.541902E-01  100000
 -0.203219E+01  0.938107E+00  0.            0.            0.527952E-01  010000
  0.            0.            0.102481E+01 -0.355430E-01  0.            001000
  0.            0.           -0.133636E+01  0.102214E+01  0.            000100
  0.            0.            0.            0.            0.100000E+01  000010
 -0.107397E+01  0.958728E+00  0.            0.            0.788628E+02  000001
-------------------------------------------------------------------------------
F4-F7
 -0.721224E+00 -0.402438E-01  0.            0.            0.846178E-02  100000
  0.706254E+00 -0.134712E+01  0.            0.            0.126200E+01  010000
  0.            0.           -0.319669E+00  0.232039E-01  0.            001000
  0.            0.            0.209693E+00 -0.314346E+01  0.            000100
  0.            0.            0.            0.            0.100000E+01  000010
 -0.163262E+02 -0.701914E+00  0.            0.            0.119759E+03  000001
-------------------------------------------------------------------------------
F5-F6
 -0.161153E+01 -0.468753E-01  0.            0.            0.439359E-01  100000
  0.604837E+00 -0.602934E+00  0.            0.           -0.994471E+00  010000
  0.            0.           -0.317313E+01  0.562368E-01  0.            001000
  0.            0.            0.217249E+00 -0.318996E+00  0.            000100
  0.            0.            0.            0.            0.100000E+01  000010
  0.280854E+02  0.130277E+01  0.            0.            0.386367E+02  000001
-------------------------------------------------------------------------------
F5-F7
  0.119168E+01  0.242510E-02  0.            0.           -0.873123E-03  100000
  0.483636E-01  0.839251E+00  0.            0.           -0.176526E+01  010000
  0.            0.            0.100122E+01  0.998489E-01  0.            001000
  0.            0.           -0.164334E-02  0.998617E+00  0.            000100
  0.            0.            0.            0.            0.100000E+01  000010
 -0.374860E+02 -0.632286E-01  0.            0.            0.797038E+02  000001
-------------------------------------------------------------------------------
F6-F7
 -0.716236E+00  0.378779E-01  0.            0.           -0.911382E-02  100000
 -0.798710E+00 -0.135395E+01  0.            0.            0.126925E+01  010000
  0.            0.           -0.319293E+00 -0.880104E-01  0.            001000
  0.            0.           -0.212299E+00 -0.319044E+01  0.            000100
  0.            0.            0.            0.            0.100000E+01  000010
 -0.163297E+02  0.636835E+00  0.            0.            0.396696E+02  000001
-------------------------------------------------------------------------------
F7-F6
 -0.135373E+01  0.381014E-01  0.            0.            0.356965E-01  100000
 -0.795928E+00 -0.716298E+00  0.            0.           -0.916647E+00  010000
  0.            0.           -0.319003E+01 -0.884471E-01  0.            001000
  0.            0.           -0.213765E+00 -0.319403E+00  0.            000100
  0.            0.            0.            0.            0.100000E+01  000010
  0.226192E+02 -0.166729E+00  0.            0.            0.396696E+02  000001
-------------------------------------------------------------------------------
F7-F5
  0.841496E+00  0.135567E-02  0.            0.           -0.366885E-02  100000
  0.101614E-01  0.118838E+01  0.            0.           -0.210401E+01  010000
  0.            0.            0.100017E+01  0.104282E+00  0.            001000
  0.            0.            0.303660E-02  0.100014E+01  0.            000100
  0.            0.            0.            0.            0.100000E+01  000010
 -0.315502E+02  0.268661E-01  0.            0.            0.797040E+02  000001
-------------------------------------------------------------------------------
F6-F5
 -0.603149E+00 -0.462498E-01  0.            0.            0.734376E-01  100000
  0.656014E+00 -0.160766E+01  0.            0.            0.157604E+01  010000
  0.            0.           -0.319190E+00  0.551519E-01  0.            001000
  0.            0.            0.204115E+00 -0.316820E+01  0.            000100
  0.            0.            0.            0.            0.100000E+01  000010
 -0.177981E+02  0.804957E+00  0.            0.            0.386361E+02  000001
-------------------------------------------------------------------------------
