Ref. Par.:   238   90
Brho01: 6.9300 Tm
Brho12: 5.5400 Tm
Brho23: 5.5400 Tm
Brho34: 5.5000 Tm
Brho45: 5.5000 Tm
Brho56: 5.4800 Tm
Brho67: 5.4800 Tm
                                      unit: mm,mrad,dp/p(%)
F0-F1
 -0.170143E+01  0.400317E+00  0.            0.           -0.485659E+00  100000
  0.107762E-02 -0.587993E+00  0.            0.            0.713296E+00  010000
  0.            0.           -0.499112E+01 -0.190372E+00  0.            001000
  0.            0.           -0.697486E-03 -0.200382E+00  0.            000100
  0.            0.            0.            0.            0.100000E+01  000010
 -0.214042E+02 -0.347800E-03  0.            0.            0.349263E+02  000001
-------------------------------------------------------------------------------
F0-F2
  0.200233E+01 -0.444655E-01  0.            0.           -0.176397E-01  100000
 -0.322322E-02  0.499491E+00  0.            0.            0.257443E-01  010000
  0.            0.            0.159919E+01 -0.142478E+00  0.            001000
  0.            0.           -0.469426E-02  0.625735E+00  0.            000100
  0.            0.            0.            0.            0.100000E+01  000010
  0.941854E+00  0.140225E+00  0.            0.            0.806790E+02  000001
-------------------------------------------------------------------------------
F0-F3
 -0.217970E+01  0.415500E-01  0.            0.           -0.176397E-01  100000
 -0.181007E-01 -0.458433E+00  0.            0.            0.257443E-01  010000
  0.            0.           -0.188662E+01  0.681191E-01  0.            001000
  0.            0.            0.201260E-01 -0.530776E+00  0.            000100
  0.            0.            0.            0.            0.100000E+01  000010
 -0.103226E+01 -0.128350E+00  0.            0.            0.113753E+03  000001
-------------------------------------------------------------------------------
F0-F4
  0.300414E+01 -0.231747E+00  0.            0.            0.261312E+00  100000
  0.380989E+00  0.303483E+00  0.            0.           -0.340502E+00  010000
  0.            0.            0.660681E+01  0.572995E+00  0.            001000
  0.            0.            0.145443E+00  0.163973E+00  0.            000100
  0.            0.            0.            0.            0.100000E+01  000010
 -0.205526E+02 -0.720277E-02  0.            0.            0.157575E+03  000001
-------------------------------------------------------------------------------
F0-F5
 -0.200002E+01  0.860983E-01  0.            0.            0.129555E+00  100000
 -0.142228E-01 -0.499383E+00  0.            0.           -0.836250E+00  010000
  0.            0.           -0.203253E+01 -0.560864E+00  0.            001000
  0.            0.            0.440887E-02 -0.490782E+00  0.            000100
  0.            0.            0.            0.            0.100000E+01  000010
  0.306577E+02 -0.133705E+00  0.            0.            0.203330E+03  000001
-------------------------------------------------------------------------------
F0-F6
  0.312330E+01  0.128410E+00  0.            0.           -0.167857E+00  100000
 -0.315892E+00  0.307187E+00  0.            0.           -0.345427E+00  010000
  0.            0.            0.623547E+01 -0.193439E+00  0.            001000
  0.            0.           -0.185361E+00  0.166123E+00  0.            000100
  0.            0.            0.            0.            0.100000E+01  000010
 -0.207357E+02  0.132030E+00  0.            0.            0.249462E+03  000001
-------------------------------------------------------------------------------
F0-F7
 -0.218028E+01  0.113338E+00  0.            0.           -0.132907E-01  100000
 -0.257120E-01 -0.457321E+00  0.            0.            0.244704E-01  010000
  0.            0.           -0.192297E+01 -0.128544E+01  0.            001000
  0.            0.           -0.838497E-02 -0.525633E+00  0.            000100
  0.            0.            0.            0.            0.100000E+01  000010
 -0.983644E+00 -0.605396E-01  0.            0.            0.293395E+03  000001
-------------------------------------------------------------------------------
F1-F2
 -0.117606E+01 -0.173809E+00  0.            0.            0.464441E-04  100000
  0.332636E-02 -0.849803E+00  0.            0.            0.116932E+01  010000
  0.            0.           -0.321343E+00  0.147672E+00  0.            001000
  0.            0.            0.245450E-01 -0.312322E+01  0.            000100
  0.            0.            0.            0.            0.100000E+01  000010
 -0.251542E+02 -0.371679E+01  0.            0.            0.444730E+02  000001
-------------------------------------------------------------------------------
F1-F3
  0.128890E+01  0.159087E+00  0.            0.            0.464441E-04  100000
  0.331461E-01  0.779949E+00  0.            0.            0.116932E+01  010000
  0.            0.            0.381876E+00 -0.114695E+00  0.            001000
  0.            0.           -0.101767E+00  0.264922E+01  0.            000100
  0.            0.            0.            0.            0.100000E+01  000010
  0.275675E+02  0.340198E+01  0.            0.            0.775474E+02  000001
-------------------------------------------------------------------------------
F1-F4
 -0.191893E+01  0.147761E-01  0.            0.           -0.173604E-01  100000
 -0.651465E+00 -0.516107E+00  0.            0.            0.179216E+01  010000
  0.            0.           -0.129620E+01 -0.836023E-01  0.            001000
  0.            0.           -0.721318E+00 -0.818010E+00  0.            000100
  0.            0.            0.            0.            0.100000E+01  000010
 -0.631762E+02  0.320819E+00  0.            0.            0.120946E+03  000001
-------------------------------------------------------------------------------
F1-F5
  0.118169E+01  0.149286E+00  0.            0.            0.258568E+00  100000
  0.263544E-01  0.849574E+00  0.            0.            0.263579E+01  010000
  0.            0.            0.408121E+00  0.189562E-01  0.            001000
  0.            0.           -0.234229E-01  0.244916E+01  0.            000100
  0.            0.            0.            0.            0.100000E+01  000010
  0.569055E+02  0.318255E+01  0.            0.            0.172830E+03  000001
-------------------------------------------------------------------------------
F1-F6
 -0.171002E+01 -0.198476E+00  0.            0.            0.236960E+00  100000
  0.534104E+00 -0.522797E+00  0.            0.            0.180101E+01  010000
  0.            0.           -0.128476E+01  0.703868E-01  0.            001000
  0.            0.            0.929510E+00 -0.829277E+00  0.            000100
  0.            0.            0.            0.            0.100000E+01  000010
 -0.587380E+02 -0.427898E+01  0.            0.            0.218466E+03  000001
-------------------------------------------------------------------------------
F1-F7
  0.129228E+01  0.116431E+00  0.            0.           -0.200080E-02  100000
  0.460968E-01  0.777979E+00  0.            0.            0.117148E+01  010000
  0.            0.            0.383734E+00  0.157513E+00  0.            001000
  0.            0.            0.405092E-01  0.262260E+01  0.            000100
  0.            0.            0.            0.            0.100000E+01  000010
  0.277352E+02  0.252723E+01  0.            0.            0.257088E+03  000001
-------------------------------------------------------------------------------
F2-F3
 -0.108955E+01  0.369382E-03  0.            0.            0.            100000
 -0.432692E-01 -0.917798E+00  0.            0.            0.            010000
  0.            0.           -0.117765E+01 -0.329996E-01  0.            001000
  0.            0.            0.233290E-01 -0.848492E+00  0.            000100
  0.            0.            0.            0.            0.100000E+01  000010
  0.            0.            0.            0.            0.330744E+02  000001
-------------------------------------------------------------------------------
F2-F4
  0.151748E+01 -0.102261E+00  0.            0.            0.123049E+00  100000
  0.772546E+00  0.606925E+00  0.            0.           -0.732446E+00  010000
  0.            0.            0.415483E+01  0.381906E+00  0.            001000
  0.            0.            0.263605E+00  0.264914E+00  0.            000100
  0.            0.            0.            0.            0.100000E+01  000010
 -0.220918E+02  0.401774E-02  0.            0.            0.768007E+02  000001
-------------------------------------------------------------------------------
F2-F5
 -0.999624E+00  0.208000E-01  0.            0.            0.351933E-01  100000
 -0.349251E-01 -0.999649E+00  0.            0.           -0.172552E+01  010000
  0.            0.           -0.127119E+01 -0.420878E+00  0.            001000
  0.            0.           -0.249058E-02 -0.787486E+00  0.            000100
  0.            0.            0.            0.            0.100000E+01  000010
  0.316051E+02 -0.129966E-01  0.            0.            0.122777E+03  000001
-------------------------------------------------------------------------------
F2-F6
  0.154601E+01  0.777991E-01  0.            0.           -0.915367E-01  100000
 -0.622451E+00  0.615502E+00  0.            0.           -0.743691E+00  010000
  0.            0.            0.387534E+01 -0.973725E-01  0.            001000
  0.            0.           -0.267157E+00  0.264754E+00  0.            000100
  0.            0.            0.            0.            0.100000E+01  000010
 -0.221067E+02 -0.277985E-01  0.            0.            0.168850E+03  000001
-------------------------------------------------------------------------------
F2-F7
 -0.109017E+01  0.362765E-01  0.            0.            0.211567E-02  100000
 -0.585113E-01 -0.915339E+00  0.            0.           -0.253681E-02  010000
  0.            0.           -0.120447E+01 -0.879233E+00  0.            001000
  0.            0.           -0.224361E-01 -0.846620E+00  0.            000100
  0.            0.            0.            0.            0.100000E+01  000010
  0.529313E-01  0.337908E-01  0.            0.            0.212590E+03  000001
-------------------------------------------------------------------------------
F3-F4
 -0.139303E+01  0.936308E-01  0.            0.           -0.112663E+00  100000
 -0.776065E+00 -0.665698E+00  0.            0.            0.803358E+00  010000
  0.            0.           -0.351664E+01 -0.315302E+00  0.            001000
  0.            0.           -0.407364E+00 -0.320886E+00  0.            000100
  0.            0.            0.            0.            0.100000E+01  000010
 -0.220918E+02  0.401774E-02  0.            0.            0.436926E+02  000001
-------------------------------------------------------------------------------
F3-F5
  0.917467E+00 -0.187210E-01  0.            0.           -0.316630E-01  100000
 -0.520039E-02  0.109006E+01  0.            0.            0.188156E+01  010000
  0.            0.            0.107852E+01  0.331125E+00  0.            001000
  0.            0.            0.325887E-01  0.937205E+00  0.            000100
  0.            0.            0.            0.            0.100000E+01  000010
  0.316051E+02 -0.129966E-01  0.            0.            0.896693E+02  000001
-------------------------------------------------------------------------------
F3-F6
 -0.141870E+01 -0.716312E-01  0.            0.            0.842869E-01  100000
  0.745084E+00 -0.667252E+00  0.            0.            0.806325E+00  010000
  0.            0.           -0.329701E+01  0.913565E-01  0.            001000
  0.            0.            0.224211E+00 -0.309518E+00  0.            000100
  0.            0.            0.            0.            0.100000E+01  000010
 -0.221067E+02 -0.277985E-01  0.            0.            0.135725E+03  000001
-------------------------------------------------------------------------------
F3-F7
  0.100058E+01 -0.329564E-01  0.            0.           -0.194082E-02  100000
  0.165800E-01  0.998874E+00  0.            0.            0.285551E-02  010000
  0.            0.            0.102124E+01  0.718084E+00  0.            001000
  0.            0.            0.545210E-01  0.101754E+01  0.            000100
  0.            0.            0.            0.            0.100000E+01  000010
  0.529313E-01  0.337908E-01  0.            0.            0.179465E+03  000001
-------------------------------------------------------------------------------
F4-F5
 -0.610269E+00 -0.896011E-01  0.            0.           -0.154874E+00  100000
  0.719258E+00 -0.153302E+01  0.            0.           -0.143910E+01  010000
  0.            0.           -0.335806E+00  0.189249E+00  0.            001000
  0.            0.            0.324746E+00 -0.316093E+01  0.            000100
  0.            0.            0.            0.            0.100000E+01  000010
  0.181202E+02 -0.198628E+01  0.            0.            0.425611E+02  000001
-------------------------------------------------------------------------------
F4-F6
  0.874662E+00  0.110160E+00  0.            0.           -0.131387E+00  100000
 -0.213892E+01  0.873910E+00  0.            0.            0.148714E+00  010000
  0.            0.            0.112866E+01 -0.126907E+00  0.            001000
  0.            0.           -0.213155E+01  0.112568E+01  0.            000100
  0.            0.            0.            0.            0.100000E+01  000010
 -0.276537E+01  0.240356E+01  0.            0.            0.891055E+02  000001
-------------------------------------------------------------------------------
F4-F7
 -0.667637E+00 -0.715864E-01  0.            0.            0.124407E-02  100000
  0.753418E+00 -0.141704E+01  0.            0.            0.120105E+01  010000
  0.            0.           -0.310512E+00  0.904082E-01  0.            001000
  0.            0.            0.224286E+00 -0.328580E+01  0.            000100
  0.            0.            0.            0.            0.100000E+01  000010
 -0.147069E+02 -0.154279E+01  0.            0.            0.135773E+03  000001
-------------------------------------------------------------------------------
F5-F6
 -0.153252E+01 -0.905742E-01  0.            0.            0.106264E+00  100000
  0.676212E+00 -0.612554E+00  0.            0.           -0.985885E+00  010000
  0.            0.           -0.316422E+01  0.188109E+00  0.            001000
  0.            0.            0.349260E+00 -0.336797E+00  0.            000100
  0.            0.            0.            0.            0.100000E+01  000010
  0.263623E+02  0.282830E+01  0.            0.            0.426369E+02  000001
-------------------------------------------------------------------------------
F5-F7
  0.109101E+01 -0.172247E-01  0.            0.           -0.277197E-02  100000
  0.204150E-01  0.916262E+00  0.            0.           -0.172349E+01  010000
  0.            0.            0.939059E+00  0.336060E+00  0.            001000
  0.            0.            0.255208E-01  0.107403E+01  0.            000100
  0.            0.            0.            0.            0.100000E+01  000010
 -0.344457E+02  0.590371E+00  0.            0.            0.898155E+02  000001
-------------------------------------------------------------------------------
F6-F7
 -0.666451E+00  0.935408E-01  0.            0.           -0.178708E-04  100000
 -0.769038E+00 -0.139255E+01  0.            0.            0.120413E+01  010000
  0.            0.           -0.321073E+00 -0.315218E+00  0.            001000
  0.            0.           -0.408729E+00 -0.351583E+01  0.            000100
  0.            0.            0.            0.            0.100000E+01  000010
 -0.147015E+02  0.206296E+01  0.            0.            0.437735E+02  000001
-------------------------------------------------------------------------------
F7-F6
 -0.139232E+01  0.933536E-01  0.            0.            0.112373E+00  100000
 -0.773291E+00 -0.666376E+00  0.            0.           -0.802310E+00  010000
  0.            0.           -0.351737E+01 -0.315261E+00  0.            001000
  0.            0.           -0.407038E+00 -0.320786E+00  0.            000100
  0.            0.            0.            0.            0.100000E+01  000010
  0.220561E+02 -0.285667E-03  0.            0.            0.437735E+02  000001
-------------------------------------------------------------------------------
F7-F5
  0.916919E+00 -0.185387E-01  0.            0.            0.317105E-01  100000
 -0.441480E-02  0.109070E+01  0.            0.           -0.188072E+01  010000
  0.            0.            0.107722E+01  0.338687E+00  0.            001000
  0.            0.            0.304007E-01  0.937872E+00  0.            000100
  0.            0.            0.            0.            0.100000E+01  000010
 -0.315888E+02  0.512280E-02  0.            0.            0.898155E+02  000001
-------------------------------------------------------------------------------
F6-F5
 -0.610601E+00 -0.894667E-01  0.            0.            0.154426E+00  100000
  0.715193E+00 -0.153294E+01  0.            0.            0.143913E+01  010000
  0.            0.           -0.335974E+00  0.187029E+00  0.            001000
  0.            0.            0.331540E+00 -0.316098E+01  0.            000100
  0.            0.            0.            0.            0.100000E+01  000010
 -0.181211E+02  0.197797E+01  0.            0.            0.426364E+02  000001
-------------------------------------------------------------------------------
