Ref. Par.:   286   90
Brho89: 7.2702 Tm
Brho9M: 7.2764 Tm
BrhoMT: 7.2764 Tm
BrhoTE: 7.2481 Tm
                                      unit: mm,mrad,dp/p(%)
F8-F9
 -0.103223E+00 -0.270447E+00  0.            0.            0.463388E+00  100000
  0.352804E+01 -0.444190E+00  0.            0.            0.174466E+01  010000
  0.            0.           -0.698223E+01 -0.801408E+00  0.            001000
  0.            0.           -0.290227E+01 -0.476338E+00  0.            000100
  0.            0.            0.            0.            0.100000E+01  000010
 -0.327644E+02 -0.480209E+01  0.            0.            0.442580E+02  000001
  0.245524E-03  0.724705E-05  0.            0.           -0.407943E-03  200000
  0.997926E-03  0.612817E-05  0.            0.           -0.228282E-02  110000
  0.            0.            0.701863E-05 -0.167581E-03  0.            101000
  0.            0.            0.437169E-04 -0.651186E-04  0.            100100
  0.            0.            0.            0.            0.            100010
  0.633357E-01  0.500820E-02  0.            0.           -0.523073E-02  100001
  0.861801E-03  0.607868E-05  0.            0.           -0.441346E-02  020000
  0.            0.            0.979452E-03 -0.356242E-03  0.            011000
  0.            0.            0.104143E-02 -0.953638E-04  0.            010100
  0.            0.            0.            0.            0.            010010
  0.178854E+00  0.248813E-01  0.            0.           -0.240347E-01  010001
  0.224287E-02  0.181373E-03  0.            0.           -0.176556E-02  002000
  0.188259E-02  0.188272E-03  0.            0.           -0.228062E-02  001100
  0.            0.            0.            0.            0.            001010
  0.            0.            0.944865E-01  0.332334E-03  0.            001001
  0.410006E-03  0.579076E-04  0.            0.           -0.152406E-02  000200
  0.            0.            0.            0.            0.            000110
  0.            0.            0.257383E+00  0.232341E-01  0.            000101
  0.            0.            0.            0.            0.            000020
  0.            0.            0.            0.            0.            000011
  0.438277E+00  0.124976E-01  0.            0.           -0.704521E+00  000002
 -0.221365E-04 -0.199616E-05  0.            0.           -0.223023E-05  300000
 -0.193889E-03 -0.176518E-04  0.            0.           -0.193997E-04  210000
  0.            0.           -0.338813E-04 -0.342811E-05  0.            201000
  0.            0.           -0.111816E-03 -0.119466E-04  0.            200100
  0.            0.            0.            0.            0.            200010
 -0.129135E-04 -0.390540E-06  0.            0.            0.180108E-04  200001
 -0.568620E-03 -0.522335E-04  0.            0.           -0.564748E-04  120000
  0.            0.           -0.188517E-03 -0.187386E-04  0.            111000
  0.            0.           -0.631092E-03 -0.673457E-04  0.            110100
  0.            0.            0.            0.            0.            110010
 -0.710811E-04  0.193412E-06  0.            0.            0.112742E-03  110001
 -0.126023E-04 -0.130649E-05  0.            0.           -0.911725E-06  102000
 -0.475973E-04 -0.408133E-05  0.            0.           -0.516267E-05  101100
  0.            0.            0.            0.            0.            101010
  0.            0.            0.146338E-04  0.423350E-05  0.            101001
 -0.710955E-04 -0.595867E-05  0.            0.           -0.805837E-05  100200
  0.            0.            0.            0.            0.            100110
  0.            0.            0.118292E-04  0.743664E-05  0.            100101
  0.            0.            0.            0.            0.            100020
  0.            0.            0.            0.            0.            100011
 -0.140888E-02 -0.667186E-04  0.            0.            0.204261E-03  100002
 -0.558407E-03 -0.523152E-04  0.            0.           -0.543400E-04  030000
  0.            0.           -0.266255E-03 -0.248056E-04  0.            021000
  0.            0.           -0.912812E-03 -0.968776E-04  0.            020100
  0.            0.            0.            0.            0.            020010
 -0.825014E-04  0.103563E-04  0.            0.            0.198254E-03  020001
 -0.407585E-04 -0.633815E-05  0.            0.           -0.244603E-05  012000
 -0.137555E-03 -0.139308E-04  0.            0.           -0.132325E-04  011100
  0.            0.            0.            0.            0.            011010
  0.            0.           -0.589953E-05 -0.518502E-05  0.            011001
 -0.201677E-03 -0.181840E-04  0.            0.           -0.208660E-04  010200
  0.            0.            0.            0.            0.            010110
  0.            0.           -0.127688E-04  0.118328E-04  0.            010101
  0.            0.            0.            0.            0.            010020
  0.            0.            0.            0.            0.            010011
 -0.588493E-02 -0.486583E-03  0.            0.            0.774428E-03  010002
  0.            0.            0.606202E-05  0.313497E-05  0.            003000
  0.            0.           -0.276868E-04 -0.486078E-06  0.            002100
  0.            0.            0.            0.            0.            002010
 -0.580073E-04  0.135705E-04  0.            0.            0.614070E-04  002001
  0.            0.           -0.832053E-04 -0.784746E-05  0.            001200
  0.            0.            0.            0.            0.            001110
 -0.189501E-03 -0.137942E-05  0.            0.            0.171133E-03  001101
  0.            0.            0.            0.            0.            001020
  0.            0.            0.            0.            0.            001011
  0.            0.           -0.100979E-02  0.131701E-03  0.            001002
  0.            0.           -0.819492E-04 -0.859811E-05  0.            000300
  0.            0.            0.            0.            0.            000210
 -0.698039E-04 -0.389232E-05  0.            0.            0.104920E-03  000201
  0.            0.            0.            0.            0.            000120
  0.            0.            0.            0.            0.            000111
  0.            0.           -0.576359E-02 -0.235739E-03  0.            000102
  0.            0.            0.            0.            0.            000030
  0.            0.            0.            0.            0.            000021
  0.            0.            0.            0.            0.            000012
 -0.672946E-02  0.849578E-06  0.            0.            0.116638E-01  000003
-------------------------------------------------------------------------------
F8-F9.5
 -0.162152E+01 -0.161517E+00  0.            0.            0.463388E+00  100000
  0.134018E+00 -0.603356E+00  0.            0.            0.174466E+01  010000
  0.            0.            0.709545E+00  0.366330E+01  0.            001000
  0.            0.            0.290251E-01  0.155921E+01  0.            000100
  0.            0.            0.            0.            0.100000E+01  000010
 -0.521848E+02 -0.397713E-01  0.            0.            0.647168E+02  000001
  0.227099E-03 -0.178677E-04  0.            0.           -0.571565E-03  200000
  0.789912E-03 -0.873685E-04  0.            0.           -0.262546E-02  110000
  0.            0.           -0.313345E-03  0.392323E-04  0.            101000
  0.            0.           -0.134660E-03 -0.506168E-05  0.            100100
  0.            0.            0.            0.            0.            100010
  0.873056E-01 -0.518974E-02  0.            0.           -0.126694E-01  100001
  0.686650E-03 -0.749537E-04  0.            0.           -0.517019E-02  020000
  0.            0.           -0.969665E-03 -0.394438E-03  0.            011000
  0.            0.           -0.504815E-03 -0.491627E-03  0.            010100
  0.            0.            0.            0.            0.            010010
  0.322390E+00  0.558395E-04  0.            0.           -0.221627E-01  010001
  0.273184E-02 -0.904208E-04  0.            0.           -0.209846E-01  002000
  0.249866E-02 -0.531188E-04  0.            0.           -0.193893E-01  001100
  0.            0.            0.            0.            0.            001010
  0.            0.           -0.228096E+00 -0.963674E-01  0.            001001
  0.640649E-03 -0.883234E-06  0.            0.           -0.534570E-02  000200
  0.            0.            0.            0.            0.            000110
  0.            0.           -0.126789E+00 -0.157306E+00  0.            000101
  0.            0.            0.            0.            0.            000020
  0.            0.            0.            0.            0.            000011
  0.366074E+00 -0.118632E+00  0.            0.           -0.113626E+01  000002
 -0.271451E-04  0.118421E-05  0.            0.           -0.220867E-05  300000
 -0.253023E-03  0.479763E-05  0.            0.           -0.193931E-04  210000
  0.            0.            0.490072E-04  0.351076E-04  0.            201000
  0.            0.            0.334528E-04  0.664476E-04  0.            200100
  0.            0.            0.            0.            0.            200010
  0.130249E-03  0.560165E-04  0.            0.            0.329405E-04  200001
 -0.716582E-03  0.223682E-04  0.            0.           -0.566704E-04  120000
  0.            0.           -0.123469E-03  0.410838E-04  0.            111000
  0.            0.            0.597967E-05  0.303697E-03  0.            110100
  0.            0.            0.            0.            0.            110010
 -0.594038E-03 -0.160415E-03  0.            0.            0.157108E-03  110001
  0.369476E-03  0.132191E-03  0.            0.           -0.186916E-05  102000
  0.293674E-03  0.122288E-03  0.            0.           -0.576085E-05  101100
  0.            0.            0.            0.            0.            101010
  0.            0.            0.405000E-02  0.156426E-02  0.            101001
 -0.718536E-05  0.302760E-04  0.            0.           -0.812117E-05  100200
  0.            0.            0.            0.            0.            100110
  0.            0.            0.186123E-02  0.713748E-03  0.            100101
  0.            0.            0.            0.            0.            100020
  0.            0.            0.            0.            0.            100011
  0.546400E-02  0.268534E-02  0.            0.            0.807435E-03  100002
 -0.733958E-03  0.151540E-04  0.            0.           -0.545533E-04  030000
  0.            0.            0.226327E-03  0.208263E-03  0.            021000
  0.            0.            0.193331E-03  0.508928E-03  0.            020100
  0.            0.            0.            0.            0.            020010
  0.695731E-03  0.193309E-03  0.            0.            0.209545E-03  020001
 -0.107303E-02 -0.255188E-03  0.            0.           -0.108502E-05  012000
 -0.109986E-02 -0.228799E-03  0.            0.           -0.876404E-05  011100
  0.            0.            0.            0.            0.            011010
  0.            0.           -0.781595E-02 -0.296898E-02  0.            011001
 -0.465044E-03 -0.461116E-04  0.            0.           -0.191385E-04  010200
  0.            0.            0.            0.            0.            010110
  0.            0.           -0.351980E-02 -0.135241E-02  0.            010101
  0.            0.            0.            0.            0.            010020
  0.            0.            0.            0.            0.            010011
 -0.220055E-01 -0.341215E-02  0.            0.            0.201668E-02  010002
  0.            0.            0.245946E-02  0.917469E-03  0.            003000
  0.            0.            0.336592E-02  0.127646E-02  0.            002100
  0.            0.            0.            0.            0.            002010
  0.206273E-01  0.630319E-02  0.            0.            0.132057E-02  002001
  0.            0.            0.154265E-02  0.620074E-03  0.            001200
  0.            0.            0.            0.            0.            001110
  0.186344E-01  0.576110E-02  0.            0.            0.247482E-02  001101
  0.            0.            0.            0.            0.            001020
  0.            0.            0.            0.            0.            001011
  0.            0.            0.103455E+00  0.389290E-01  0.            001002
  0.            0.            0.242538E-03  0.130645E-03  0.            000300
  0.            0.            0.            0.            0.            000210
  0.420949E-02  0.131610E-02  0.            0.            0.881085E-03  000201
  0.            0.            0.            0.            0.            000120
  0.            0.            0.            0.            0.            000111
  0.            0.            0.544542E-01  0.220452E-01  0.            000102
  0.            0.            0.            0.            0.            000030
  0.            0.            0.            0.            0.            000021
  0.            0.            0.            0.            0.            000012
  0.111316E+00  0.393693E-01  0.            0.            0.214215E-01  000003
-------------------------------------------------------------------------------
F8-F10
 -0.194804E+01  0.261176E-01  0.            0.            0.463388E+00  100000
 -0.335859E+01 -0.468308E+00  0.            0.            0.174466E+01  010000
  0.            0.            0.662068E+01 -0.150255E+01  0.            001000
  0.            0.            0.288763E+01 -0.504299E+00  0.            000100
  0.            0.            0.            0.            0.100000E+01  000010
 -0.332543E+02  0.473951E+01  0.            0.            0.851814E+02  000001
  0.417564E-04 -0.342620E-04  0.            0.           -0.757390E-03  200000
  0.130780E-05 -0.138235E-03  0.            0.           -0.304938E-02  110000
  0.            0.            0.152829E-03  0.142898E-03  0.            101000
  0.            0.            0.249751E-04  0.682984E-04  0.            100100
  0.            0.            0.            0.            0.            100010
  0.180118E-01 -0.152437E-01  0.            0.           -0.208275E-01  100001
  0.680705E-05 -0.119414E-03  0.            0.           -0.592023E-02  020000
  0.            0.           -0.484851E-03  0.604290E-03  0.            011000
  0.            0.           -0.783965E-03  0.404551E-03  0.            010100
  0.            0.            0.            0.            0.            010010
  0.231404E+00 -0.337140E-01  0.            0.           -0.229652E-01  010001
  0.121292E-02 -0.318030E-03  0.            0.           -0.446604E-01  002000
  0.127822E-02 -0.268523E-03  0.            0.           -0.385730E-01  001100
  0.            0.            0.            0.            0.            001010
  0.            0.            0.548176E-01  0.232535E+00  0.            001001
  0.400421E-03 -0.592215E-04  0.            0.           -0.924318E-02  000200
  0.            0.            0.            0.            0.            000110
  0.            0.           -0.191345E+00  0.149022E+00  0.            000101
  0.            0.            0.            0.            0.            000020
  0.            0.            0.            0.            0.            000011
 -0.911708E+00 -0.192468E+00  0.            0.           -0.156832E+01  000002
 -0.141243E-05  0.605833E-05  0.            0.           -0.218647E-05  300000
 -0.111592E-03  0.338442E-04  0.            0.           -0.193759E-04  210000
  0.            0.           -0.135034E-03 -0.107843E-03  0.            201000
  0.            0.            0.400662E-04 -0.664155E-04  0.            200100
  0.            0.            0.            0.            0.            200010
  0.107904E-02  0.224685E-03  0.            0.            0.479195E-04  200001
 -0.307537E-03  0.892955E-04  0.            0.           -0.568255E-04  120000
  0.            0.           -0.222944E-03 -0.816882E-04  0.            111000
  0.            0.            0.430486E-03 -0.150327E-03  0.            110100
  0.            0.            0.            0.            0.            110010
 -0.254253E-03  0.264788E-03  0.            0.            0.208766E-03  110001
  0.222641E-02  0.440851E-03  0.            0.           -0.876488E-06  102000
  0.187068E-02  0.364587E-03  0.            0.           -0.464037E-05  101100
  0.            0.            0.            0.            0.            101010
  0.            0.           -0.719104E-02 -0.597978E-02  0.            101001
  0.364933E-03  0.831963E-04  0.            0.           -0.781424E-05  100200
  0.            0.            0.            0.            0.            100110
  0.            0.           -0.275944E-02 -0.253686E-02  0.            100101
  0.            0.            0.            0.            0.            100020
  0.            0.            0.            0.            0.            100011
  0.369291E-01  0.636936E-02  0.            0.            0.136500E-02  100002
 -0.372663E-03  0.809583E-04  0.            0.           -0.547306E-04  030000
  0.            0.            0.164003E-03 -0.243479E-03  0.            021000
  0.            0.            0.829819E-03 -0.282069E-03  0.            020100
  0.            0.            0.            0.            0.            020010
  0.199527E-02  0.239218E-03  0.            0.            0.237155E-03  020001
 -0.118917E-02  0.240865E-03  0.            0.            0.700062E-05  012000
 -0.124712E-02  0.195704E-03  0.            0.            0.222511E-05  011100
  0.            0.            0.            0.            0.            011010
  0.            0.           -0.112139E-01  0.180189E-02  0.            011001
 -0.406986E-03  0.611971E-04  0.            0.           -0.160021E-04  010200
  0.            0.            0.            0.            0.            010110
  0.            0.           -0.469816E-02  0.960532E-03  0.            010101
  0.            0.            0.            0.            0.            010020
  0.            0.            0.            0.            0.            010011
 -0.182573E-01  0.384743E-02  0.            0.            0.323792E-02  010002
  0.            0.           -0.258178E-02 -0.293852E-02  0.            003000
  0.            0.           -0.286539E-02 -0.378463E-02  0.            002100
  0.            0.            0.            0.            0.            002010
  0.801316E-01  0.118742E-01  0.            0.            0.438073E-02  002001
  0.            0.           -0.988021E-03 -0.164473E-02  0.            001200
  0.            0.            0.            0.            0.            001110
  0.694636E-01  0.982753E-02  0.            0.            0.649893E-02  001101
  0.            0.            0.            0.            0.            001020
  0.            0.            0.            0.            0.            001011
  0.            0.           -0.797921E-01 -0.110681E+00  0.            001002
  0.            0.           -0.514363E-04 -0.252533E-03  0.            000300
  0.            0.            0.            0.            0.            000210
  0.151164E-01  0.204163E-02  0.            0.            0.200871E-02  000201
  0.            0.            0.            0.            0.            000120
  0.            0.            0.            0.            0.            000111
  0.            0.           -0.290309E-01 -0.557178E-01  0.            000102
  0.            0.            0.            0.            0.            000030
  0.            0.            0.            0.            0.            000021
  0.            0.            0.            0.            0.            000012
  0.454693E+00  0.583694E-01  0.            0.            0.306542E-01  000003
-------------------------------------------------------------------------------
F8-F11
  0.736097E+00  0.461560E+00  0.            0.            0.933940E+00  100000
 -0.907538E+00  0.789457E+00  0.            0.            0.348623E+01  010000
  0.            0.           -0.205562E+01  0.375994E+01  0.            001000
  0.            0.           -0.731299E+00  0.851149E+00  0.            000100
  0.            0.            0.            0.            0.100000E+01  000010
  0.616571E+02  0.157457E+02  0.            0.            0.129818E+03  000001
 -0.168377E-03 -0.113493E-05  0.            0.           -0.105412E-02  200000
 -0.568043E-03  0.778119E-05  0.            0.           -0.472591E-02  110000
  0.            0.           -0.821268E-04 -0.157517E-02  0.            101000
  0.            0.            0.193844E-04 -0.629836E-03  0.            100100
  0.            0.            0.            0.            0.            100010
 -0.109009E+00 -0.961056E-02  0.            0.           -0.107128E-01  100001
 -0.841083E-03 -0.227576E-03  0.            0.           -0.953452E-02  020000
  0.            0.            0.530989E-03 -0.580393E-02  0.            011000
  0.            0.            0.520503E-03 -0.279697E-02  0.            010100
  0.            0.            0.            0.            0.            010010
 -0.338374E+00 -0.834136E-01  0.            0.           -0.429175E-01  010001
 -0.526567E-02 -0.892616E-03  0.            0.           -0.642154E-01  002000
 -0.390047E-02 -0.785873E-03  0.            0.           -0.490108E-01  001100
  0.            0.            0.            0.            0.            001010
  0.            0.            0.109163E+00 -0.135522E+01  0.            001001
 -0.791279E-03 -0.194503E-03  0.            0.           -0.107090E-01  000200
  0.            0.            0.            0.            0.            000110
  0.            0.            0.140284E+00 -0.693520E+00  0.            000101
  0.            0.            0.            0.            0.            000020
  0.            0.            0.            0.            0.            000011
 -0.951112E+00  0.298434E+00  0.            0.           -0.182792E+01  000002
  0.291890E-04  0.131109E-05  0.            0.           -0.129121E-04  300000
  0.221734E-03  0.402765E-04  0.            0.           -0.520402E-04  210000
  0.            0.           -0.853116E-04  0.655574E-03  0.            201000
  0.            0.           -0.693313E-04  0.324754E-03  0.            200100
  0.            0.            0.            0.            0.            200010
  0.453788E-03 -0.312737E-03  0.            0.           -0.653896E-03  200001
  0.684498E-03  0.141639E-03  0.            0.           -0.139018E-03  120000
  0.            0.            0.167524E-03  0.647265E-03  0.            111000
  0.            0.           -0.132299E-03  0.542024E-03  0.            110100
  0.            0.            0.            0.            0.            110010
 -0.519614E-03 -0.556581E-03  0.            0.           -0.220169E-03  110001
  0.165361E-02 -0.358505E-03  0.            0.           -0.138053E-02  102000
  0.119227E-02 -0.358174E-03  0.            0.           -0.115539E-02  101100
  0.            0.            0.            0.            0.            101010
  0.            0.           -0.699652E-02  0.354694E-01  0.            101001
  0.266465E-03 -0.754731E-04  0.            0.           -0.254478E-03  100200
  0.            0.            0.            0.            0.            100110
  0.            0.           -0.279680E-02  0.149516E-01  0.            100101
  0.            0.            0.            0.            0.            100020
  0.            0.            0.            0.            0.            100011
  0.190594E-01 -0.776780E-02  0.            0.           -0.202307E-01  100002
  0.809478E-03  0.204535E-03  0.            0.           -0.103042E-03  030000
  0.            0.            0.367044E-03  0.138283E-02  0.            021000
  0.            0.           -0.203361E-03  0.101664E-02  0.            020100
  0.            0.            0.            0.            0.            020010
 -0.419970E-02 -0.206831E-02  0.            0.           -0.632734E-03  020001
  0.399827E-02  0.117380E-02  0.            0.           -0.706961E-04  012000
  0.250986E-02  0.734946E-03  0.            0.            0.116903E-04  011100
  0.            0.            0.            0.            0.            011010
  0.            0.           -0.332502E-02 -0.423162E-02  0.            011001
  0.548828E-03  0.151034E-03  0.            0.           -0.131585E-04  010200
  0.            0.            0.            0.            0.            010110
  0.            0.           -0.451010E-04 -0.238812E-02  0.            010101
  0.            0.            0.            0.            0.            010020
  0.            0.            0.            0.            0.            010011
  0.486537E-01  0.117087E-01  0.            0.            0.426092E-03  010002
  0.            0.           -0.200972E-02  0.173115E-01  0.            003000
  0.            0.           -0.318975E-02  0.218146E-01  0.            002100
  0.            0.            0.            0.            0.            002010
  0.133834E-01 -0.235208E-01  0.            0.           -0.267669E-01  002001
  0.            0.           -0.154739E-02  0.927056E-02  0.            001200
  0.            0.            0.            0.            0.            001110
  0.143552E-01 -0.185898E-01  0.            0.           -0.206972E-01  001101
  0.            0.            0.            0.            0.            001020
  0.            0.            0.            0.            0.            001011
  0.            0.           -0.470844E-01  0.656595E+00  0.            001002
  0.            0.           -0.257443E-03  0.135672E-02  0.            000300
  0.            0.            0.            0.            0.            000210
  0.328221E-02 -0.382140E-02  0.            0.           -0.414485E-02  000201
  0.            0.            0.            0.            0.            000120
  0.            0.            0.            0.            0.            000111
  0.            0.           -0.294529E-01  0.323620E+00  0.            000102
  0.            0.            0.            0.            0.            000030
  0.            0.            0.            0.            0.            000021
  0.            0.            0.            0.            0.            000012
  0.241575E-01 -0.134428E+00  0.            0.           -0.186981E+00  000003
-------------------------------------------------------------------------------
F8-F11+1m
  0.119766E+01  0.461560E+00  0.            0.            0.933940E+00  100000
 -0.118081E+00  0.789457E+00  0.            0.            0.348623E+01  010000
  0.            0.            0.170432E+01  0.375994E+01  0.            001000
  0.            0.            0.119850E+00  0.851149E+00  0.            000100
  0.            0.            0.            0.            0.100000E+01  000010
  0.774028E+02  0.157457E+02  0.            0.            0.133416E+03  000001
 -0.169512E-03 -0.113493E-05  0.            0.           -0.111309E-02  200000
 -0.560262E-03  0.778119E-05  0.            0.           -0.492765E-02  110000
  0.            0.           -0.165729E-02 -0.157517E-02  0.            101000
  0.            0.           -0.610451E-03 -0.629836E-03  0.            100100
  0.            0.            0.            0.            0.            100010
 -0.123235E+00 -0.961056E-02  0.            0.           -0.147367E-01  100001
 -0.106866E-02 -0.227576E-03  0.            0.           -0.970705E-02  020000
  0.            0.           -0.527294E-02 -0.580393E-02  0.            011000
  0.            0.           -0.227647E-02 -0.279697E-02  0.            010100
  0.            0.            0.            0.            0.            010010
 -0.429683E+00 -0.834136E-01  0.            0.           -0.498000E-01  010001
 -0.615828E-02 -0.892616E-03  0.            0.           -0.681291E-01  002000
 -0.468634E-02 -0.785873E-03  0.            0.           -0.507827E-01  001100
  0.            0.            0.            0.            0.            001010
  0.            0.           -0.128365E+01 -0.135522E+01  0.            001001
 -0.985782E-03 -0.194503E-03  0.            0.           -0.109095E-01  000200
  0.            0.            0.            0.            0.            000110
  0.            0.           -0.561747E+00 -0.693520E+00  0.            000101
  0.            0.            0.            0.            0.            000020
  0.            0.            0.            0.            0.            000011
 -0.810135E+00  0.298434E+00  0.            0.           -0.195052E+01  000002
  0.305493E-04  0.131109E-05  0.            0.           -0.129118E-04  300000
  0.262263E-03  0.402765E-04  0.            0.           -0.520417E-04  210000
  0.            0.            0.570663E-03  0.655574E-03  0.            201000
  0.            0.            0.255514E-03  0.324754E-03  0.            200100
  0.            0.            0.            0.            0.            200010
  0.146094E-03 -0.312737E-03  0.            0.           -0.649868E-03  200001
  0.826568E-03  0.141639E-03  0.            0.           -0.138963E-03  120000
  0.            0.            0.816159E-03  0.647265E-03  0.            111000
  0.            0.            0.410035E-03  0.542024E-03  0.            110100
  0.            0.            0.            0.            0.            110010
 -0.105906E-02 -0.556581E-03  0.            0.           -0.189374E-03  110001
  0.129837E-02 -0.358505E-03  0.            0.           -0.137702E-02  102000
  0.835570E-03 -0.358174E-03  0.            0.           -0.115314E-02  101100
  0.            0.            0.            0.            0.            101010
  0.            0.            0.285159E-01  0.354694E-01  0.            101001
  0.191159E-03 -0.754731E-04  0.            0.           -0.254132E-03  100200
  0.            0.            0.            0.            0.            100110
  0.            0.            0.121673E-01  0.149516E-01  0.            100101
  0.            0.            0.            0.            0.            100020
  0.            0.            0.            0.            0.            100011
  0.116205E-01 -0.776780E-02  0.            0.           -0.201166E-01  100002
  0.101426E-02  0.204535E-03  0.            0.           -0.102943E-03  030000
  0.            0.            0.175104E-02  0.138283E-02  0.            021000
  0.            0.            0.813545E-03  0.101664E-02  0.            020100
  0.            0.            0.            0.            0.            020010
 -0.625101E-02 -0.206831E-02  0.            0.           -0.589717E-03  020001
  0.517765E-02  0.117380E-02  0.            0.           -0.582234E-04  012000
  0.324733E-02  0.734946E-03  0.            0.            0.205916E-04  011100
  0.            0.            0.            0.            0.            011010
  0.            0.           -0.745186E-02 -0.423162E-02  0.            011001
  0.700148E-03  0.151034E-03  0.            0.           -0.117554E-04  010200
  0.            0.            0.            0.            0.            010110
  0.            0.           -0.239467E-02 -0.238812E-02  0.            010101
  0.            0.            0.            0.            0.            010020
  0.            0.            0.            0.            0.            010011
  0.615947E-01  0.117087E-01  0.            0.            0.120522E-02  010002
  0.            0.            0.153283E-01  0.173115E-01  0.            003000
  0.            0.            0.186429E-01  0.218146E-01  0.            002100
  0.            0.            0.            0.            0.            002010
 -0.100172E-01 -0.235208E-01  0.            0.           -0.238342E-01  002001
  0.            0.            0.772725E-02  0.927056E-02  0.            001200
  0.            0.            0.            0.            0.            001110
 -0.417635E-02 -0.185898E-01  0.            0.           -0.185610E-01  001101
  0.            0.            0.            0.            0.            001020
  0.            0.            0.            0.            0.            001011
  0.            0.            0.624027E+00  0.656595E+00  0.            001002
  0.            0.            0.109958E-02  0.135672E-02  0.            000300
  0.            0.            0.            0.            0.            000210
 -0.531540E-03 -0.382140E-02  0.            0.           -0.381101E-02  000201
  0.            0.            0.            0.            0.            000120
  0.            0.            0.            0.            0.            000111
  0.            0.            0.301321E+00  0.323620E+00  0.            000102
  0.            0.            0.            0.            0.            000030
  0.            0.            0.            0.            0.            000021
  0.            0.            0.            0.            0.            000012
 -0.109217E+00 -0.134428E+00  0.            0.           -0.186928E+00  000003
-------------------------------------------------------------------------------
F9-F9.5
  0.756508E+00 -0.914319E-01  0.            0.            0.            100000
  0.570696E+01  0.632118E+00  0.            0.            0.            010000
  0.            0.           -0.314722E+00 -0.495408E+00  0.            001000
  0.            0.            0.185663E+01 -0.254859E+00  0.            000100
  0.            0.            0.            0.            0.100000E+01  000010
  0.            0.            0.            0.            0.204646E+02  000001
  0.            0.            0.            0.           -0.464708E-04  200000
  0.            0.            0.            0.           -0.159359E-03  110000
  0.            0.            0.            0.            0.            101000
  0.            0.            0.            0.            0.            100100
  0.            0.            0.            0.            0.            100010
  0.739800E-02  0.132345E-02  0.            0.            0.            100001
  0.            0.            0.            0.           -0.216945E-02  020000
  0.            0.            0.            0.            0.            011000
  0.            0.            0.            0.            0.            010100
  0.            0.            0.            0.            0.            010010
 -0.428322E-01  0.897900E-02  0.            0.            0.            010001
  0.            0.            0.            0.           -0.284150E-03  002000
  0.            0.            0.            0.           -0.786752E-03  001100
  0.            0.            0.            0.            0.            001010
  0.            0.            0.235145E-01  0.442098E-02  0.            001001
  0.            0.            0.            0.           -0.150088E-02  000200
  0.            0.            0.            0.            0.            000110
  0.            0.            0.434184E-01  0.232231E-01  0.            000101
  0.            0.            0.            0.            0.            000020
  0.            0.            0.            0.            0.            000011
  0.            0.            0.            0.           -0.306969E+00  000002
 -0.102198E-05 -0.297907E-06  0.            0.            0.            300000
 -0.914319E-05 -0.307518E-05  0.            0.            0.            210000
  0.            0.           -0.446496E-05 -0.168893E-05  0.            201000
  0.            0.           -0.115044E-04 -0.453003E-05  0.            200100
  0.            0.            0.            0.            0.            200010
  0.            0.            0.            0.            0.104320E-05  200001
 -0.314030E-04 -0.117634E-04  0.            0.            0.            120000
  0.            0.           -0.290579E-04 -0.111934E-04  0.            111000
  0.            0.           -0.762981E-04 -0.305380E-04  0.            110100
  0.            0.            0.            0.            0.            110010
  0.            0.            0.            0.            0.318584E-05  110001
 -0.547751E-05 -0.155929E-05  0.            0.            0.            102000
 -0.274549E-04 -0.798016E-05  0.            0.            0.            101100
  0.            0.            0.            0.            0.            101010
  0.            0.            0.            0.            0.            101001
 -0.359301E-04 -0.106508E-04  0.            0.            0.            100200
  0.            0.            0.            0.            0.            100110
  0.            0.            0.            0.            0.            100101
  0.            0.            0.            0.            0.            100020
  0.            0.            0.            0.            0.            100011
 -0.132278E-03 -0.890344E-05  0.            0.            0.            100002
 -0.368408E-04 -0.163813E-04  0.            0.            0.            030000
  0.            0.           -0.554423E-04 -0.213711E-04  0.            021000
  0.            0.           -0.146605E-03 -0.598018E-04  0.            020100
  0.            0.            0.            0.            0.            020010
  0.            0.            0.            0.            0.603290E-04  020001
 -0.153347E-04 -0.533277E-05  0.            0.            0.            012000
 -0.794535E-04 -0.276575E-04  0.            0.            0.            011100
  0.            0.            0.            0.            0.            011010
  0.            0.            0.            0.            0.            011001
 -0.105012E-03 -0.376336E-04  0.            0.            0.            010200
  0.            0.            0.            0.            0.            010110
  0.            0.            0.            0.            0.            010101
  0.            0.            0.            0.            0.            010020
  0.            0.            0.            0.            0.            010011
  0.308409E-03 -0.156650E-03  0.            0.            0.            010002
  0.            0.           -0.337613E-05 -0.123580E-05  0.            003000
  0.            0.           -0.252202E-04 -0.962667E-05  0.            002100
  0.            0.            0.            0.            0.            002010
  0.            0.            0.            0.            0.105684E-04  002001
  0.            0.           -0.650347E-04 -0.251587E-04  0.            001200
  0.            0.            0.            0.            0.            001110
  0.            0.            0.            0.            0.450967E-04  001101
  0.            0.            0.            0.            0.            001020
  0.            0.            0.            0.            0.            001011
  0.            0.           -0.426541E-03 -0.652956E-04  0.            001002
  0.            0.           -0.569954E-04 -0.226898E-04  0.            000300
  0.            0.            0.            0.            0.            000210
  0.            0.            0.            0.            0.642489E-04  000201
  0.            0.            0.            0.            0.            000120
  0.            0.            0.            0.            0.            000111
  0.            0.           -0.144938E-02 -0.425673E-03  0.            000102
  0.            0.            0.            0.            0.            000030
  0.            0.            0.            0.            0.            000021
  0.            0.            0.            0.            0.            000012
  0.            0.            0.            0.            0.475603E-02  000003
-------------------------------------------------------------------------------
F9-F10
 -0.430234E-01 -0.138254E+00  0.            0.            0.            100000
  0.721944E+01 -0.438040E-01  0.            0.            0.            010000
  0.            0.           -0.839509E+00  0.311570E+00  0.            001000
  0.            0.           -0.947130E+00 -0.839661E+00  0.            000100
  0.            0.            0.            0.            0.100000E+01  000010
  0.            0.            0.            0.            0.409293E+02  000001
  0.            0.            0.            0.           -0.870697E-04  200000
  0.            0.            0.            0.           -0.314862E-03  110000
  0.            0.            0.            0.            0.            101000
  0.            0.            0.            0.            0.            100100
  0.            0.            0.            0.            0.            100010
  0.229370E-01  0.648054E-03  0.            0.            0.            100001
  0.            0.            0.            0.           -0.464480E-02  020000
  0.            0.            0.            0.            0.            011000
  0.            0.            0.            0.            0.            010100
  0.            0.            0.            0.            0.            010010
  0.482445E-01  0.229333E-01  0.            0.            0.            010001
  0.            0.            0.            0.           -0.836074E-03  002000
  0.            0.            0.            0.           -0.130349E-03  001100
  0.            0.            0.            0.            0.            001010
  0.            0.           -0.266116E-01 -0.260762E-01  0.            001001
  0.            0.            0.            0.           -0.218835E-02  000200
  0.            0.            0.            0.            0.            000110
  0.            0.            0.640929E-01 -0.265897E-01  0.            000101
  0.            0.            0.            0.            0.            000020
  0.            0.            0.            0.            0.            000011
  0.            0.            0.            0.           -0.613939E+00  000002
 -0.249641E-05 -0.164484E-06  0.            0.            0.            300000
 -0.290383E-04 -0.288578E-05  0.            0.            0.            210000
  0.            0.           -0.517453E-06  0.329442E-05  0.            201000
  0.            0.           -0.667078E-05  0.671006E-05  0.            200100
  0.            0.            0.            0.            0.            200010
  0.            0.            0.            0.            0.215156E-05  200001
 -0.168476E-03 -0.275846E-04  0.            0.            0.            120000
  0.            0.            0.305198E-04  0.344622E-04  0.            111000
  0.            0.           -0.718061E-04  0.350046E-04  0.            110100
  0.            0.            0.            0.            0.            110010
  0.            0.            0.            0.            0.447345E-05  110001
 -0.196297E-04 -0.254318E-05  0.            0.            0.            102000
 -0.516281E-04 -0.658288E-06  0.            0.            0.            101100
  0.            0.            0.            0.            0.            101010
  0.            0.            0.            0.            0.            101001
 -0.883294E-04 -0.593594E-05  0.            0.            0.            100200
  0.            0.            0.            0.            0.            100110
  0.            0.            0.            0.            0.            100101
  0.            0.            0.            0.            0.            100020
  0.            0.            0.            0.            0.            100011
 -0.271468E-03  0.303204E-04  0.            0.            0.            100002
 -0.540314E-03 -0.136175E-03  0.            0.            0.            030000
  0.            0.            0.360719E-03  0.182797E-03  0.            021000
  0.            0.           -0.370869E-03 -0.169113E-04  0.            020100
  0.            0.            0.            0.            0.            020010
  0.            0.            0.            0.            0.113741E-03  020001
 -0.150197E-03 -0.359127E-04  0.            0.            0.            012000
 -0.394725E-04  0.361838E-04  0.            0.            0.            011100
  0.            0.            0.            0.            0.            011010
  0.            0.            0.            0.            0.            011001
 -0.350025E-03 -0.387917E-04  0.            0.            0.            010200
  0.            0.            0.            0.            0.            010110
  0.            0.            0.            0.            0.            010101
  0.            0.            0.            0.            0.            010020
  0.            0.            0.            0.            0.            010011
 -0.216573E-02 -0.271236E-03  0.            0.            0.            010002
  0.            0.            0.126539E-04  0.752177E-05  0.            003000
  0.            0.           -0.433223E-04  0.356786E-05  0.            002100
  0.            0.            0.            0.            0.            002010
  0.            0.            0.            0.            0.584663E-04  002001
  0.            0.           -0.518763E-05  0.492807E-04  0.            001200
  0.            0.            0.            0.            0.            001110
  0.            0.            0.            0.            0.554848E-04  001101
  0.            0.            0.            0.            0.            001020
  0.            0.            0.            0.            0.            001011
  0.            0.            0.157769E-02  0.671541E-03  0.            001002
  0.            0.           -0.344885E-04  0.330621E-04  0.            000300
  0.            0.            0.            0.            0.            000210
  0.            0.            0.            0.            0.280838E-04  000201
  0.            0.            0.            0.            0.            000120
  0.            0.            0.            0.            0.            000111
  0.            0.            0.117528E-02  0.157714E-02  0.            000102
  0.            0.            0.            0.            0.            000030
  0.            0.            0.            0.            0.            000021
  0.            0.            0.            0.            0.            000012
  0.            0.            0.            0.            0.951207E-02  000003
-------------------------------------------------------------------------------
F9-F11
 -0.572408E+00  0.848644E-02  0.            0.            0.261990E+00  100000
 -0.250330E+01 -0.170989E+01  0.            0.           -0.183990E+01  010000
  0.            0.            0.393101E+00 -0.110888E+01  0.            001000
  0.            0.           -0.859864E+00  0.496943E+01  0.            000100
  0.            0.            0.            0.            0.100000E+01  000010
  0.308668E+02  0.780893E+01  0.            0.            0.852875E+02  000001
 -0.284621E-04 -0.157863E-04  0.            0.           -0.204273E-03  200000
 -0.286427E-04  0.323919E-04  0.            0.            0.559107E-03  110000
  0.            0.           -0.233140E-05  0.628320E-04  0.            101000
  0.            0.           -0.524900E-04  0.401019E-04  0.            100100
  0.            0.            0.            0.            0.            100010
 -0.222245E-01 -0.116354E-01  0.            0.           -0.103885E-01  100001
 -0.117489E-03  0.115352E-03  0.            0.           -0.971530E-02  020000
  0.            0.           -0.243011E-03 -0.554029E-03  0.            011000
  0.            0.            0.108852E-02  0.121337E-02  0.            010100
  0.            0.            0.            0.            0.            010010
  0.228223E+00  0.121204E-01  0.            0.           -0.275880E-01  010001
 -0.167135E-03 -0.168388E-04  0.            0.           -0.223209E-02  002000
  0.107019E-02  0.582787E-04  0.            0.            0.112318E-01  001100
  0.            0.            0.            0.            0.            001010
  0.            0.            0.116420E-01  0.176264E+00  0.            001001
 -0.213010E-02 -0.166149E-03  0.            0.           -0.260558E-01  000200
  0.            0.            0.            0.            0.            000110
  0.            0.           -0.198961E+00  0.285116E-01  0.            000101
  0.            0.            0.            0.            0.            000020
  0.            0.            0.            0.            0.            000011
 -0.262927E+00  0.212387E-02  0.            0.           -0.133203E+01  000002
  0.222486E-05  0.130730E-05  0.            0.            0.972117E-06  300000
 -0.303720E-04 -0.234120E-05  0.            0.            0.128509E-04  210000
  0.            0.           -0.272095E-05 -0.188871E-04  0.            201000
  0.            0.            0.348578E-04 -0.226266E-04  0.            200100
  0.            0.            0.            0.            0.            200010
 -0.798731E-04 -0.272947E-04  0.            0.            0.109004E-04  200001
  0.586231E-04  0.796011E-04  0.            0.            0.944095E-04  120000
  0.            0.            0.865369E-04 -0.183030E-03  0.            111000
  0.            0.           -0.174035E-03 -0.202403E-03  0.            110100
  0.            0.            0.            0.            0.            110010
  0.691982E-03  0.237741E-03  0.            0.           -0.306653E-04  110001
  0.330012E-04  0.177450E-04  0.            0.            0.993400E-05  102000
 -0.304951E-03 -0.994084E-04  0.            0.            0.146902E-04  101100
  0.            0.            0.            0.            0.            101010
  0.            0.            0.177690E-03  0.564133E-04  0.            101001
  0.682045E-03  0.258420E-03  0.            0.            0.333177E-04  100200
  0.            0.            0.            0.            0.            100110
  0.            0.           -0.771609E-03 -0.249442E-03  0.            100101
  0.            0.            0.            0.            0.            100020
  0.            0.            0.            0.            0.            100011
  0.240971E-02  0.675702E-03  0.            0.            0.206948E-03  100002
 -0.600304E-03  0.665672E-04  0.            0.            0.395081E-03  030000
  0.            0.            0.649327E-04 -0.121296E-02  0.            021000
  0.            0.            0.490985E-03  0.446579E-03  0.            020100
  0.            0.            0.            0.            0.            020010
 -0.139900E-02 -0.506572E-03  0.            0.            0.725607E-04  020001
 -0.261760E-03 -0.170674E-04  0.            0.            0.104074E-03  012000
  0.150687E-02  0.453808E-03  0.            0.           -0.492288E-04  011100
  0.            0.            0.            0.            0.            011010
  0.            0.           -0.565410E-03 -0.165756E-03  0.            011001
 -0.291702E-02 -0.864193E-03  0.            0.            0.157452E-03  010200
  0.            0.            0.            0.            0.            010110
  0.            0.            0.262335E-02  0.860338E-03  0.            010101
  0.            0.            0.            0.            0.            010020
  0.            0.            0.            0.            0.            010011
 -0.358856E-02 -0.214940E-04  0.            0.            0.101948E-02  010002
  0.            0.           -0.152151E-04 -0.548181E-04  0.            003000
  0.            0.            0.294900E-03  0.104844E-03  0.            002100
  0.            0.            0.            0.            0.            002010
 -0.466377E-03 -0.188310E-03  0.            0.            0.485969E-03  002001
  0.            0.           -0.116984E-02 -0.657358E-03  0.            001200
  0.            0.            0.            0.            0.            001110
  0.414774E-02  0.160710E-02  0.            0.           -0.176475E-02  001101
  0.            0.            0.            0.            0.            001020
  0.            0.            0.            0.            0.            001011
  0.            0.           -0.719457E-02 -0.753068E-02  0.            001002
  0.            0.            0.177407E-02  0.404535E-03  0.            000300
  0.            0.            0.            0.            0.            000210
 -0.912645E-02 -0.343264E-02  0.            0.            0.174404E-03  000201
  0.            0.            0.            0.            0.            000120
  0.            0.            0.            0.            0.            000111
  0.            0.            0.896577E-02 -0.792510E-02  0.            000102
  0.            0.            0.            0.            0.            000030
  0.            0.            0.            0.            0.            000021
  0.            0.            0.            0.            0.            000012
 -0.346130E-02 -0.257776E-02  0.            0.            0.213241E-01  000003
-------------------------------------------------------------------------------
F9-F11+1m
 -0.563922E+00  0.848644E-02  0.            0.            0.261990E+00  100000
 -0.421319E+01 -0.170989E+01  0.            0.           -0.183990E+01  010000
  0.            0.           -0.715782E+00 -0.110888E+01  0.            001000
  0.            0.            0.410957E+01  0.496943E+01  0.            000100
  0.            0.            0.            0.            0.100000E+01  000010
  0.386757E+02  0.780893E+01  0.            0.            0.888854E+02  000001
 -0.442484E-04 -0.157863E-04  0.            0.           -0.204293E-03  200000
  0.374915E-05  0.323919E-04  0.            0.            0.567142E-03  110000
  0.            0.            0.605006E-04  0.628320E-04  0.            101000
  0.            0.           -0.123881E-04  0.401019E-04  0.            100100
  0.            0.            0.            0.            0.            100010
 -0.339448E-01 -0.116354E-01  0.            0.           -0.104252E-01  100001
 -0.213665E-05  0.115352E-03  0.            0.           -0.105247E-01  020000
  0.            0.           -0.797039E-03 -0.554029E-03  0.            011000
  0.            0.            0.230189E-02  0.121337E-02  0.            010100
  0.            0.            0.            0.            0.            010010
  0.257443E+00  0.121204E-01  0.            0.           -0.201951E-01  010001
 -0.183974E-03 -0.168388E-04  0.            0.           -0.257249E-02  002000
  0.112847E-02  0.582787E-04  0.            0.            0.142828E-01  001100
  0.            0.            0.            0.            0.            001010
  0.            0.            0.198995E+00  0.176264E+00  0.            001001
 -0.229625E-02 -0.166149E-03  0.            0.           -0.328924E-01  000200
  0.            0.            0.            0.            0.            000110
  0.            0.           -0.220144E+00  0.285116E-01  0.            000101
  0.            0.            0.            0.            0.            000020
  0.            0.            0.            0.            0.            000011
 -0.338893E+00  0.212387E-02  0.            0.           -0.140288E+01  000002
  0.353216E-05  0.130730E-05  0.            0.            0.972191E-06  300000
 -0.327134E-04 -0.234120E-05  0.            0.            0.128358E-04  210000
  0.            0.           -0.216081E-04 -0.188871E-04  0.            201000
  0.            0.            0.122314E-04 -0.226266E-04  0.            200100
  0.            0.            0.            0.            0.            200010
 -0.107009E-03 -0.272947E-04  0.            0.            0.110238E-04  200001
  0.138261E-03  0.796011E-04  0.            0.            0.944397E-04  120000
  0.            0.           -0.964766E-04 -0.183030E-03  0.            111000
  0.            0.           -0.376510E-03 -0.202403E-03  0.            110100
  0.            0.            0.            0.            0.            110010
  0.929059E-03  0.237741E-03  0.            0.           -0.420906E-04  110001
  0.507514E-04  0.177450E-04  0.            0.            0.997266E-05  102000
 -0.404406E-03 -0.994084E-04  0.            0.            0.145417E-04  101100
  0.            0.            0.            0.            0.            101010
  0.            0.            0.233401E-03  0.564133E-04  0.            101001
  0.940570E-03  0.258420E-03  0.            0.            0.332082E-04  100200
  0.            0.            0.            0.            0.            100110
  0.            0.           -0.102112E-02 -0.249442E-03  0.            100101
  0.            0.            0.            0.            0.            100020
  0.            0.            0.            0.            0.            100011
  0.320366E-02  0.675702E-03  0.            0.            0.258217E-03  100002
 -0.536236E-03  0.665672E-04  0.            0.            0.395190E-03  030000
  0.            0.           -0.114965E-02 -0.121296E-02  0.            021000
  0.            0.            0.944829E-03  0.446579E-03  0.            020100
  0.            0.            0.            0.            0.            020010
 -0.187248E-02 -0.506572E-03  0.            0.            0.104984E-03  020001
 -0.279879E-03 -0.170674E-04  0.            0.            0.103717E-03  012000
  0.197010E-02  0.453808E-03  0.            0.           -0.469043E-04  011100
  0.            0.            0.            0.            0.            011010
  0.            0.           -0.710819E-03 -0.165756E-03  0.            011001
 -0.380232E-02 -0.864193E-03  0.            0.            0.153957E-03  010200
  0.            0.            0.            0.            0.            010110
  0.            0.            0.340520E-02  0.860338E-03  0.            010101
  0.            0.            0.            0.            0.            010020
  0.            0.            0.            0.            0.            010011
 -0.411421E-02 -0.214940E-04  0.            0.            0.773184E-03  010002
  0.            0.           -0.707150E-04 -0.548181E-04  0.            003000
  0.            0.            0.408910E-03  0.104844E-03  0.            002100
  0.            0.            0.            0.            0.            002010
 -0.649718E-03 -0.188310E-03  0.            0.            0.603281E-03  002001
  0.            0.           -0.186827E-02 -0.657358E-03  0.            001200
  0.            0.            0.            0.            0.            001110
  0.571122E-02  0.160710E-02  0.            0.           -0.231332E-02  001101
  0.            0.            0.            0.            0.            001020
  0.            0.            0.            0.            0.            001011
  0.            0.           -0.166686E-01 -0.753068E-02  0.            001002
  0.            0.            0.223996E-02  0.404535E-03  0.            000300
  0.            0.            0.            0.            0.            000210
 -0.124610E-01 -0.343264E-02  0.            0.            0.277831E-03  000201
  0.            0.            0.            0.            0.            000120
  0.            0.            0.            0.            0.            000111
  0.            0.            0.156548E-02 -0.792510E-02  0.            000102
  0.            0.            0.            0.            0.            000030
  0.            0.            0.            0.            0.            000021
  0.            0.            0.            0.            0.            000012
 -0.478759E-02 -0.257776E-02  0.            0.            0.225987E-01  000003
-------------------------------------------------------------------------------
F9.5-F10
  0.632891E+00 -0.913978E-01  0.            0.            0.            100000
  0.570710E+01  0.755871E+00  0.            0.            0.            010000
  0.            0.           -0.255261E+00 -0.495381E+00  0.            001000
  0.            0.            0.185674E+01 -0.314211E+00  0.            000100
  0.            0.            0.            0.            0.100000E+01  000010
  0.            0.            0.            0.            0.204646E+02  000001
  0.            0.            0.            0.           -0.459031E-04  200000
  0.            0.            0.            0.           -0.427367E-04  110000
  0.            0.            0.            0.            0.            101000
  0.            0.            0.            0.            0.            100100
  0.            0.            0.            0.            0.            100010
  0.896912E-02  0.132307E-02  0.            0.            0.            100001
  0.            0.            0.            0.           -0.206757E-02  020000
  0.            0.            0.            0.            0.            011000
  0.            0.            0.            0.            0.            010100
  0.            0.            0.            0.            0.            010010
 -0.428365E-01  0.740501E-02  0.            0.            0.            010001
  0.            0.            0.            0.           -0.287451E-03  002000
  0.            0.            0.            0.           -0.859046E-03  001100
  0.            0.            0.            0.            0.            001010
  0.            0.            0.232256E-01  0.442075E-02  0.            001001
  0.            0.            0.            0.           -0.158707E-02  000200
  0.            0.            0.            0.            0.            000110
  0.            0.            0.434153E-01  0.235101E-01  0.            000101
  0.            0.            0.            0.            0.            000020
  0.            0.            0.            0.            0.            000011
  0.            0.            0.            0.           -0.306969E+00  000002
 -0.100024E-05 -0.270443E-06  0.            0.            0.            300000
 -0.821253E-05 -0.254636E-05  0.            0.            0.            210000
  0.            0.           -0.407797E-05 -0.150157E-05  0.            201000
  0.            0.           -0.102396E-04 -0.392986E-05  0.            200100
  0.            0.            0.            0.            0.            200010
  0.            0.            0.            0.            0.110442E-05  200001
 -0.267253E-04 -0.929396E-05  0.            0.            0.            120000
  0.            0.           -0.257602E-04 -0.972359E-05  0.            111000
  0.            0.           -0.660933E-04 -0.258287E-04  0.            110100
  0.            0.            0.            0.            0.            110010
  0.            0.            0.            0.           -0.660665E-06  110001
 -0.608893E-05 -0.170699E-05  0.            0.            0.            102000
 -0.298996E-04 -0.854174E-05  0.            0.            0.            101100
  0.            0.            0.            0.            0.            101010
  0.            0.            0.            0.            0.            101001
 -0.382576E-04 -0.110880E-04  0.            0.            0.            100200
  0.            0.            0.            0.            0.            100110
  0.            0.            0.            0.            0.            100101
  0.            0.            0.            0.            0.            100020
  0.            0.            0.            0.            0.            100011
 -0.156497E-03 -0.889816E-05  0.            0.            0.            100002
 -0.299797E-04 -0.129671E-04  0.            0.            0.            030000
  0.            0.           -0.499412E-04 -0.189189E-04  0.            021000
  0.            0.           -0.129235E-03 -0.517155E-04  0.            020100
  0.            0.            0.            0.            0.            020010
  0.            0.            0.            0.            0.547744E-04  020001
 -0.167305E-04 -0.570462E-05  0.            0.            0.            012000
 -0.849043E-04 -0.290544E-04  0.            0.            0.            011100
  0.            0.            0.            0.            0.            011010
  0.            0.            0.            0.            0.            011001
 -0.109637E-03 -0.384610E-04  0.            0.            0.            010200
  0.            0.            0.            0.            0.            010110
  0.            0.            0.            0.            0.            010101
  0.            0.            0.            0.            0.            010020
  0.            0.            0.            0.            0.            010011
  0.308511E-03 -0.132378E-03  0.            0.            0.            010002
  0.            0.           -0.365820E-05 -0.132767E-05  0.            003000
  0.            0.           -0.271695E-04 -0.102463E-04  0.            002100
  0.            0.            0.            0.            0.            002010
  0.            0.            0.            0.            0.107596E-04  002001
  0.            0.           -0.692967E-04 -0.265091E-04  0.            001200
  0.            0.            0.            0.            0.            001110
  0.            0.            0.            0.            0.478713E-04  001101
  0.            0.            0.            0.            0.            001020
  0.            0.            0.            0.            0.            001011
  0.            0.           -0.425691E-03 -0.652929E-04  0.            001002
  0.            0.           -0.599303E-04 -0.235978E-04  0.            000300
  0.            0.            0.            0.            0.            000210
  0.            0.            0.            0.            0.691000E-04  000201
  0.            0.            0.            0.            0.            000120
  0.            0.            0.            0.            0.            000111
  0.            0.           -0.144931E-02 -0.426488E-03  0.            000102
  0.            0.            0.            0.            0.            000030
  0.            0.            0.            0.            0.            000021
  0.            0.            0.            0.            0.            000012
  0.            0.            0.            0.            0.475603E-02  000003
-------------------------------------------------------------------------------
F9.5-F11
 -0.590711E+00 -0.150974E+00  0.            0.           -0.261707E-02  100000
  0.137294E+01 -0.134198E+01  0.            0.           -0.288706E+01  010000
  0.            0.           -0.526169E+00  0.274451E+01  0.            001000
  0.            0.           -0.459225E+00  0.494796E+00  0.            000100
  0.            0.            0.            0.            0.100000E+01  000010
  0.308668E+02  0.780893E+01  0.            0.            0.648104E+02  000001
 -0.140103E-04 -0.347136E-05  0.            0.           -0.846109E-04  200000
  0.190348E-03  0.128443E-03  0.            0.            0.633320E-04  110000
  0.            0.            0.389063E-04  0.703071E-04  0.            101000
  0.            0.            0.231082E-04 -0.225844E-04  0.            100100
  0.            0.            0.            0.            0.            100010
  0.499060E-02 -0.390615E-02  0.            0.           -0.429883E-02  100001
 -0.870571E-03 -0.587982E-03  0.            0.           -0.125599E-01  020000
  0.            0.            0.599820E-03  0.539574E-03  0.            011000
  0.            0.           -0.368229E-04  0.122705E-02  0.            010100
  0.            0.            0.            0.            0.            010010
  0.256424E+00  0.632780E-01  0.            0.            0.360246E-01  010001
 -0.668767E-03 -0.492298E-04  0.            0.           -0.767048E-02  002000
 -0.392444E-03 -0.130547E-04  0.            0.           -0.427693E-02  001100
  0.            0.            0.            0.            0.            001010
  0.            0.           -0.885958E-01 -0.785482E-01  0.            001001
 -0.161778E-03 -0.404480E-04  0.            0.           -0.212417E-02  000200
  0.            0.            0.            0.            0.            000110
  0.            0.            0.369284E-02 -0.171130E+00  0.            000101
  0.            0.            0.            0.            0.            000020
  0.            0.            0.            0.            0.            000011
 -0.262927E+00  0.212387E-02  0.            0.           -0.102468E+01  000002
 -0.801079E-06  0.245509E-06  0.            0.            0.756637E-06  300000
 -0.117538E-04  0.739940E-06  0.            0.            0.683595E-05  210000
  0.            0.           -0.774302E-07  0.107539E-04  0.            201000
  0.            0.           -0.338590E-05  0.269690E-04  0.            200100
  0.            0.            0.            0.            0.            200010
 -0.391126E-05 -0.160837E-05  0.            0.            0.210746E-05  200001
  0.854748E-04  0.468458E-04  0.            0.            0.257218E-04  120000
  0.            0.           -0.750422E-04  0.450207E-04  0.            111000
  0.            0.           -0.388923E-04  0.171634E-03  0.            110100
  0.            0.            0.            0.            0.            110010
  0.353372E-03  0.117919E-03  0.            0.           -0.389244E-04  110001
  0.463093E-04  0.210494E-04  0.            0.            0.438621E-05  102000
 -0.374075E-05  0.156264E-04  0.            0.            0.234329E-04  101100
  0.            0.            0.            0.            0.            101010
  0.            0.           -0.140126E-03 -0.461755E-04  0.            101001
 -0.322989E-04  0.987491E-05  0.            0.            0.303184E-04  100200
  0.            0.            0.            0.            0.            100110
  0.            0.           -0.319071E-04 -0.115377E-04  0.            100101
  0.            0.            0.            0.            0.            100020
  0.            0.            0.            0.            0.            100011
  0.760670E-03  0.287996E-03  0.            0.            0.109734E-03  100002
 -0.159796E-02 -0.509427E-03  0.            0.            0.303358E-04  030000
  0.            0.            0.114632E-02  0.476085E-03  0.            021000
  0.            0.            0.202222E-03  0.440129E-03  0.            020100
  0.            0.            0.            0.            0.            020010
 -0.637671E-02 -0.219660E-02  0.            0.            0.459778E-03  020001
 -0.188096E-02 -0.634902E-03  0.            0.            0.141727E-04  012000
 -0.906122E-03 -0.259279E-03  0.            0.            0.689198E-04  011100
  0.            0.            0.            0.            0.            011010
  0.            0.            0.352662E-02  0.112623E-02  0.            011001
 -0.219362E-03 -0.559270E-05  0.            0.            0.977289E-04  010200
  0.            0.            0.            0.            0.            010110
  0.            0.            0.701946E-03  0.226939E-03  0.            010101
  0.            0.            0.            0.            0.            010020
  0.            0.            0.            0.            0.            010011
 -0.152217E-01 -0.405758E-02  0.            0.           -0.896480E-03  010002
  0.            0.            0.296039E-03  0.105244E-03  0.            003000
  0.            0.            0.186227E-03  0.139318E-03  0.            002100
  0.            0.            0.            0.            0.            002010
 -0.276904E-02 -0.105595E-02  0.            0.            0.569021E-03  002001
  0.            0.            0.192210E-04  0.196532E-03  0.            001200
  0.            0.            0.            0.            0.            001110
 -0.115116E-02 -0.461900E-03  0.            0.            0.109929E-02  001101
  0.            0.            0.            0.            0.            001020
  0.            0.            0.            0.            0.            001011
  0.            0.            0.720224E-02  0.276035E-02  0.            001002
  0.            0.           -0.188528E-04  0.161555E-03  0.            000300
  0.            0.            0.            0.            0.            000210
 -0.115530E-03 -0.520632E-04  0.            0.            0.280802E-03  000201
  0.            0.            0.            0.            0.            000120
  0.            0.            0.            0.            0.            000111
  0.            0.            0.628647E-02  0.575755E-02  0.            000102
  0.            0.            0.            0.            0.            000030
  0.            0.            0.            0.            0.            000021
  0.            0.            0.            0.            0.            000012
 -0.346130E-02 -0.257776E-02  0.            0.            0.165593E-01  000003
-------------------------------------------------------------------------------
F9.5-F11+1m
 -0.741685E+00 -0.150974E+00  0.            0.           -0.261707E-02  100000
  0.309639E-01 -0.134198E+01  0.            0.           -0.288706E+01  010000
  0.            0.            0.221834E+01  0.274451E+01  0.            001000
  0.            0.            0.355711E-01  0.494796E+00  0.            000100
  0.            0.            0.            0.            0.100000E+01  000010
  0.386757E+02  0.780893E+01  0.            0.            0.684083E+02  000001
 -0.174816E-04 -0.347136E-05  0.            0.           -0.909209E-04  200000
  0.318791E-03  0.128443E-03  0.            0.           -0.488444E-04  110000
  0.            0.            0.109213E-03  0.703071E-04  0.            101000
  0.            0.            0.523815E-06 -0.225844E-04  0.            100100
  0.            0.            0.            0.            0.            100010
  0.259419E-02 -0.390615E-02  0.            0.           -0.364608E-02  100001
 -0.145855E-02 -0.587982E-03  0.            0.           -0.130585E-01  020000
  0.            0.            0.113939E-02  0.539574E-03  0.            011000
  0.            0.            0.119023E-02  0.122705E-02  0.            010100
  0.            0.            0.            0.            0.            010010
  0.333122E+00  0.632780E-01  0.            0.            0.418268E-01  010001
 -0.717996E-03 -0.492298E-04  0.            0.           -0.975570E-02  002000
 -0.405499E-03 -0.130547E-04  0.            0.           -0.502881E-02  001100
  0.            0.            0.            0.            0.            001010
  0.            0.           -0.194589E+00 -0.785482E-01  0.            001001
 -0.202226E-03 -0.404480E-04  0.            0.           -0.219195E-02  000200
  0.            0.            0.            0.            0.            000110
  0.            0.           -0.172385E+00 -0.171130E+00  0.            000101
  0.            0.            0.            0.            0.            000020
  0.            0.            0.            0.            0.            000011
 -0.338893E+00  0.212387E-02  0.            0.           -0.109553E+01  000002
 -0.557291E-06  0.245509E-06  0.            0.            0.756347E-06  300000
 -0.110597E-04  0.739940E-06  0.            0.            0.684411E-05  210000
  0.            0.            0.107077E-04  0.107539E-04  0.            201000
  0.            0.            0.235888E-04  0.269690E-04  0.            200100
  0.            0.            0.            0.            0.            200010
 -0.521794E-05 -0.160837E-05  0.            0.            0.196316E-05  200001
  0.131913E-03  0.468458E-04  0.            0.            0.257681E-04  120000
  0.            0.           -0.294655E-04  0.450207E-04  0.            111000
  0.            0.            0.132842E-03  0.171634E-03  0.            110100
  0.            0.            0.            0.            0.            110010
  0.474753E-03  0.117919E-03  0.            0.           -0.341201E-04  110001
  0.667901E-04  0.210494E-04  0.            0.            0.427526E-05  102000
  0.116806E-04  0.156264E-04  0.            0.            0.234469E-04  101100
  0.            0.            0.            0.            0.            101010
  0.            0.           -0.190240E-03 -0.461755E-04  0.            101001
 -0.224425E-04  0.987491E-05  0.            0.            0.303212E-04  100200
  0.            0.            0.            0.            0.            100110
  0.            0.           -0.438024E-04 -0.115377E-04  0.            100101
  0.            0.            0.            0.            0.            100020
  0.            0.            0.            0.            0.            100011
  0.105392E-02  0.287996E-03  0.            0.            0.109504E-03  100002
 -0.210859E-02 -0.509427E-03  0.            0.            0.298989E-04  030000
  0.            0.            0.162488E-02  0.476085E-03  0.            021000
  0.            0.            0.642797E-03  0.440129E-03  0.            020100
  0.            0.            0.            0.            0.            020010
 -0.854634E-02 -0.219660E-02  0.            0.            0.522547E-03  020001
 -0.252092E-02 -0.634902E-03  0.            0.            0.133162E-04  012000
 -0.116722E-02 -0.259279E-03  0.            0.            0.668977E-04  011100
  0.            0.            0.            0.            0.            011010
  0.            0.            0.461869E-02  0.112623E-02  0.            011001
 -0.225119E-03 -0.559270E-05  0.            0.            0.973627E-04  010200
  0.            0.            0.            0.            0.            010110
  0.            0.            0.911429E-03  0.226939E-03  0.            010101
  0.            0.            0.            0.            0.            010020
  0.            0.            0.            0.            0.            010011
 -0.202126E-01 -0.405758E-02  0.            0.           -0.132224E-02  010002
  0.            0.            0.411619E-03  0.105244E-03  0.            003000
  0.            0.            0.331136E-03  0.139318E-03  0.            002100
  0.            0.            0.            0.            0.            002010
 -0.379509E-02 -0.105595E-02  0.            0.            0.743848E-03  002001
  0.            0.            0.216761E-03  0.196532E-03  0.            001200
  0.            0.            0.            0.            0.            001110
 -0.160233E-02 -0.461900E-03  0.            0.            0.140083E-02  001101
  0.            0.            0.            0.            0.            001020
  0.            0.            0.            0.            0.            001011
  0.            0.            0.111954E-01  0.276035E-02  0.            001002
  0.            0.            0.142762E-03  0.161555E-03  0.            000300
  0.            0.            0.            0.            0.            000210
 -0.166233E-03 -0.520632E-04  0.            0.            0.329655E-03  000201
  0.            0.            0.            0.            0.            000120
  0.            0.            0.            0.            0.            000111
  0.            0.            0.138360E-01  0.575755E-02  0.            000102
  0.            0.            0.            0.            0.            000030
  0.            0.            0.            0.            0.            000021
  0.            0.            0.            0.            0.            000012
 -0.478759E-02 -0.257776E-02  0.            0.            0.178340E-01  000003
-------------------------------------------------------------------------------
F10-F11
 -0.321017E+00 -0.236771E+00  0.            0.           -0.265849E+00  100000
  0.424017E+01  0.122980E-01  0.            0.           -0.181226E+01  010000
  0.            0.           -0.621632E-01 -0.617243E+00  0.            001000
  0.            0.            0.109418E+01 -0.522214E+01  0.            000100
  0.            0.            0.            0.            0.100000E+01  000010
  0.308668E+02  0.780893E+01  0.            0.            0.443332E+02  000001
 -0.212684E-05  0.197839E-05  0.            0.           -0.102436E-03  200000
  0.119308E-04 -0.436266E-04  0.            0.           -0.884484E-03  110000
  0.            0.           -0.194806E-04  0.149065E-04  0.            101000
  0.            0.           -0.159993E-03 -0.214509E-03  0.            100100
  0.            0.            0.            0.            0.            100010
  0.210143E-01  0.348889E-02  0.            0.            0.384594E-02  100001
 -0.149257E-02 -0.812514E-03  0.            0.           -0.584659E-02  020000
  0.            0.           -0.126389E-03  0.467334E-03  0.            011000
  0.            0.           -0.252971E-03 -0.120179E-03  0.            010100
  0.            0.            0.            0.            0.            010010
  0.120809E+00  0.438260E-01  0.            0.            0.213111E-01  010001
 -0.446417E-04 -0.127544E-04  0.            0.           -0.328715E-03  002000
 -0.409923E-03 -0.362522E-04  0.            0.           -0.560919E-02  001100
  0.            0.            0.            0.            0.            001010
  0.            0.            0.193207E-01  0.228046E-02  0.            001001
 -0.250210E-02 -0.178542E-03  0.            0.           -0.271078E-01  000200
  0.            0.            0.            0.            0.            000110
  0.            0.            0.175742E+00  0.817988E-01  0.            000101
  0.            0.            0.            0.            0.            000020
  0.            0.            0.            0.            0.            000011
 -0.262927E+00  0.212387E-02  0.            0.           -0.717339E+00  000002
 -0.628067E-06 -0.193762E-06  0.            0.            0.125825E-07  300000
 -0.187057E-04 -0.619044E-05  0.            0.            0.303507E-07  210000
  0.            0.           -0.124593E-05 -0.239160E-06  0.            201000
  0.            0.           -0.112935E-04 -0.315479E-05  0.            200100
  0.            0.            0.            0.            0.            200010
 -0.310980E-04 -0.110601E-04  0.            0.            0.338346E-05  200001
 -0.201360E-03 -0.674367E-04  0.            0.           -0.807825E-06  120000
  0.            0.           -0.261480E-04 -0.709545E-05  0.            111000
  0.            0.           -0.241253E-03 -0.722598E-04  0.            110100
  0.            0.            0.            0.            0.            110010
 -0.714577E-03 -0.242309E-03  0.            0.            0.434260E-04  110001
 -0.571906E-05 -0.186812E-05  0.            0.            0.441308E-07  102000
 -0.103785E-03 -0.343552E-04  0.            0.            0.143906E-06  101100
  0.            0.            0.            0.            0.            101010
  0.            0.           -0.459765E-04 -0.142587E-04  0.            101001
 -0.479629E-03 -0.159255E-03  0.            0.           -0.131854E-05  100200
  0.            0.            0.            0.            0.            100110
  0.            0.           -0.414483E-03 -0.130811E-03  0.            100101
  0.            0.            0.            0.            0.            100020
  0.            0.            0.            0.            0.            100011
 -0.102823E-02 -0.257827E-03  0.            0.           -0.103910E-03  100002
 -0.738092E-03 -0.250203E-03  0.            0.           -0.367289E-05  030000
  0.            0.           -0.154214E-03 -0.450412E-04  0.            021000
  0.            0.           -0.142917E-02 -0.440838E-03  0.            020100
  0.            0.            0.            0.            0.            020010
 -0.396559E-02 -0.136623E-02  0.            0.            0.230255E-03  020001
 -0.629050E-04 -0.219629E-04  0.            0.            0.521846E-06  012000
 -0.116041E-02 -0.406367E-03  0.            0.            0.534570E-05  011100
  0.            0.            0.            0.            0.            011010
  0.            0.           -0.639798E-03 -0.205901E-03  0.            011001
 -0.538766E-02 -0.188870E-02  0.            0.            0.310763E-05  010200
  0.            0.            0.            0.            0.            010110
  0.            0.           -0.581263E-02 -0.185973E-02  0.            010101
  0.            0.            0.            0.            0.            010020
  0.            0.            0.            0.            0.            010011
 -0.114923E-01 -0.355425E-02  0.            0.           -0.601416E-03  010002
  0.            0.           -0.264024E-05 -0.622740E-06  0.            003000
  0.            0.           -0.723947E-04 -0.206714E-04  0.            002100
  0.            0.            0.            0.            0.            002010
 -0.117075E-03 -0.443974E-04  0.            0.            0.103230E-04  002001
  0.            0.           -0.669983E-03 -0.207785E-03  0.            001200
  0.            0.            0.            0.            0.            001110
 -0.218873E-02 -0.828845E-03  0.            0.            0.235911E-03  001101
  0.            0.            0.            0.            0.            001020
  0.            0.            0.            0.            0.            001011
  0.            0.           -0.105467E-02 -0.245547E-03  0.            001002
  0.            0.           -0.208044E-02 -0.677472E-03  0.            000300
  0.            0.            0.            0.            0.            000210
 -0.101927E-01 -0.386972E-02  0.            0.            0.136160E-02  000201
  0.            0.            0.            0.            0.            000120
  0.            0.            0.            0.            0.            000111
  0.            0.           -0.116106E-01 -0.338806E-02  0.            000102
  0.            0.            0.            0.            0.            000030
  0.            0.            0.            0.            0.            000021
  0.            0.            0.            0.            0.            000012
 -0.346130E-02 -0.257776E-02  0.            0.            0.117946E-01  000003
-------------------------------------------------------------------------------
F10-F11+1m
 -0.557788E+00 -0.236771E+00  0.            0.           -0.265849E+00  100000
  0.425247E+01  0.122980E-01  0.            0.           -0.181226E+01  010000
  0.            0.           -0.679406E+00 -0.617243E+00  0.            001000
  0.            0.           -0.412796E+01 -0.522214E+01  0.            000100
  0.            0.            0.            0.            0.100000E+01  000010
  0.386757E+02  0.780893E+01  0.            0.            0.479312E+02  000001
 -0.148448E-06  0.197839E-05  0.            0.           -0.117955E-03  200000
 -0.316958E-04 -0.436266E-04  0.            0.           -0.882872E-03  110000
  0.            0.           -0.457414E-05  0.149065E-04  0.            101000
  0.            0.           -0.374503E-03 -0.214509E-03  0.            100100
  0.            0.            0.            0.            0.            100010
  0.268709E-01  0.348889E-02  0.            0.            0.486964E-02  100001
 -0.230508E-02 -0.812514E-03  0.            0.           -0.584663E-02  020000
  0.            0.            0.340945E-03  0.467334E-03  0.            011000
  0.            0.           -0.373150E-03 -0.120179E-03  0.            010100
  0.            0.            0.            0.            0.            010010
  0.164512E+00  0.438260E-01  0.            0.            0.212579E-01  010001
 -0.573961E-04 -0.127544E-04  0.            0.           -0.434187E-03  002000
 -0.446175E-03 -0.362522E-04  0.            0.           -0.739386E-02  001100
  0.            0.            0.            0.            0.            001010
  0.            0.            0.277736E-01  0.228046E-02  0.            001001
 -0.268064E-02 -0.178542E-03  0.            0.           -0.346573E-01  000200
  0.            0.            0.            0.            0.            000110
  0.            0.            0.309762E+00  0.817988E-01  0.            000101
  0.            0.            0.            0.            0.            000020
  0.            0.            0.            0.            0.            000011
 -0.338893E+00  0.212387E-02  0.            0.           -0.788189E+00  000002
 -0.828466E-06 -0.193762E-06  0.            0.            0.128419E-07  300000
 -0.248951E-04 -0.619044E-05  0.            0.            0.246181E-07  210000
  0.            0.           -0.150240E-05 -0.239160E-06  0.            201000
  0.            0.           -0.145946E-04 -0.315479E-05  0.            200100
  0.            0.            0.            0.            0.            200010
 -0.415213E-04 -0.110601E-04  0.            0.            0.424353E-05  200001
 -0.268797E-03 -0.674367E-04  0.            0.           -0.914044E-06  120000
  0.            0.           -0.332416E-04 -0.709545E-05  0.            111000
  0.            0.           -0.313498E-03 -0.722598E-04  0.            110100
  0.            0.            0.            0.            0.            110010
 -0.956518E-03 -0.242309E-03  0.            0.            0.492935E-04  110001
 -0.763228E-05 -0.186812E-05  0.            0.            0.475530E-07  102000
 -0.138903E-03 -0.343552E-04  0.            0.            0.108945E-06  101100
  0.            0.            0.            0.            0.            101010
  0.            0.           -0.592431E-04 -0.142587E-04  0.            101001
 -0.642112E-03 -0.159255E-03  0.            0.           -0.196217E-05  100200
  0.            0.            0.            0.            0.            100110
  0.            0.           -0.533493E-03 -0.130811E-03  0.            100101
  0.            0.            0.            0.            0.            100020
  0.            0.            0.            0.            0.            100011
 -0.137397E-02 -0.257827E-03  0.            0.           -0.145842E-03  100002
 -0.988295E-03 -0.250203E-03  0.            0.           -0.366736E-05  030000
  0.            0.           -0.199255E-03 -0.450412E-04  0.            021000
  0.            0.           -0.187001E-02 -0.440838E-03  0.            020100
  0.            0.            0.            0.            0.            020010
 -0.532369E-02 -0.136623E-02  0.            0.            0.233471E-03  020001
 -0.848655E-04 -0.219629E-04  0.            0.            0.681645E-06  012000
 -0.156674E-02 -0.406367E-03  0.            0.            0.665610E-05  011100
  0.            0.            0.            0.            0.            011010
  0.            0.           -0.850432E-03 -0.205901E-03  0.            011001
 -0.727619E-02 -0.188870E-02  0.            0.            0.276136E-05  010200
  0.            0.            0.            0.            0.            010110
  0.            0.           -0.767166E-02 -0.185973E-02  0.            010101
  0.            0.            0.            0.            0.            010020
  0.            0.            0.            0.            0.            010011
 -0.154821E-01 -0.355425E-02  0.            0.           -0.789507E-03  010002
  0.            0.           -0.338057E-05 -0.622740E-06  0.            003000
  0.            0.           -0.960505E-04 -0.206714E-04  0.            002100
  0.            0.            0.            0.            0.            002010
 -0.159858E-03 -0.443974E-04  0.            0.            0.139523E-04  002001
  0.            0.           -0.903018E-03 -0.207785E-03  0.            001200
  0.            0.            0.            0.            0.            001110
 -0.299204E-02 -0.828845E-03  0.            0.            0.317907E-03  001101
  0.            0.            0.            0.            0.            001020
  0.            0.            0.            0.            0.            001011
  0.            0.           -0.142362E-02 -0.245547E-03  0.            001002
  0.            0.           -0.282912E-02 -0.677472E-03  0.            000300
  0.            0.            0.            0.            0.            000210
 -0.139542E-01 -0.386972E-02  0.            0.            0.179893E-02  000201
  0.            0.            0.            0.            0.            000120
  0.            0.            0.            0.            0.            000111
  0.            0.           -0.166677E-01 -0.338806E-02  0.            000102
  0.            0.            0.            0.            0.            000030
  0.            0.            0.            0.            0.            000021
  0.            0.            0.            0.            0.            000012
 -0.478759E-02 -0.257776E-02  0.            0.            0.130692E-01  000003
-------------------------------------------------------------------------------
