Ref. Par.:   286   90
Brho89: 6.5225 Tm
Brho9M: 6.5093 Tm
BrhoMT: 6.5093 Tm
BrhoTE: 6.4960 Tm
                                      unit: mm,mrad,dp/p(%)
F8-F9
 -0.199360E+01  0.233839E+00  0.            0.           -0.315639E+00  100000
 -0.509890E-01 -0.495624E+00  0.            0.            0.671026E+00  010000
  0.            0.           -0.216854E+01 -0.123570E+00  0.            001000
  0.            0.            0.108749E+00 -0.454944E+00  0.            000100
  0.            0.            0.            0.            0.100000E+01  000010
 -0.248349E+02  0.869463E-02  0.            0.            0.468200E+02  000001
  0.704943E-04  0.376948E-04  0.            0.           -0.562616E-03  200000
  0.227612E-03 -0.598202E-04  0.            0.            0.269641E-03  110000
  0.            0.           -0.410554E-03  0.115209E-04  0.            101000
  0.            0.           -0.466933E-03  0.589464E-04  0.            100100
  0.            0.            0.            0.            0.            100010
 -0.785998E-02 -0.849196E-02  0.            0.            0.185556E-02  100001
  0.123254E-03 -0.435149E-04  0.            0.           -0.115672E-02  020000
  0.            0.            0.689135E-04 -0.154654E-03  0.            011000
  0.            0.            0.233506E-03  0.660395E-05  0.            010100
  0.            0.            0.            0.            0.            010010
  0.890843E-01 -0.871226E-02  0.            0.            0.150668E-03  010001
  0.344718E-03 -0.214440E-04  0.            0.           -0.105946E-02  002000
  0.384333E-04  0.885527E-04  0.            0.           -0.141127E-02  001100
  0.            0.            0.            0.            0.            001010
  0.            0.            0.557118E-01 -0.152379E-01  0.            001001
  0.111860E-03  0.385491E-04  0.            0.           -0.263333E-02  000200
  0.            0.            0.            0.            0.            000110
  0.            0.            0.207923E+00  0.924307E-03  0.            000101
  0.            0.            0.            0.            0.            000020
  0.            0.            0.            0.            0.            000011
  0.207638E+00 -0.687285E-01  0.            0.           -0.742015E+00  000002
  0.728347E-05  0.368288E-05  0.            0.           -0.514521E-06  300000
 -0.222505E-04 -0.255255E-05  0.            0.           -0.247210E-05  210000
  0.            0.            0.256507E-04  0.182029E-04  0.            201000
  0.            0.           -0.504685E-04 -0.917872E-05  0.            200100
  0.            0.            0.            0.            0.            200010
  0.234487E-03  0.957212E-04  0.            0.            0.154991E-04  200001
 -0.346349E-05  0.586486E-05  0.            0.           -0.469654E-05  120000
  0.            0.           -0.838104E-04 -0.161019E-04  0.            111000
  0.            0.           -0.610942E-04  0.148751E-04  0.            110100
  0.            0.            0.            0.            0.            110010
 -0.249891E-03 -0.851625E-04  0.            0.            0.141544E-04  110001
  0.263633E-04  0.151034E-04  0.            0.           -0.361913E-05  102000
 -0.808063E-04 -0.421947E-05  0.            0.           -0.141256E-04  101100
  0.            0.            0.            0.            0.            101010
  0.            0.            0.714431E-03  0.325366E-03  0.            101001
 -0.249192E-04  0.149391E-04  0.            0.           -0.141278E-04  100200
  0.            0.            0.            0.            0.            100110
  0.            0.           -0.413935E-03 -0.192833E-03  0.            100101
  0.            0.            0.            0.            0.            100020
  0.            0.            0.            0.            0.            100011
  0.281487E-02  0.993179E-03  0.            0.            0.353804E-04  100002
 -0.392930E-04  0.494503E-05  0.            0.           -0.732561E-05  030000
  0.            0.           -0.107619E-03  0.103258E-04  0.            021000
  0.            0.           -0.279373E-03  0.615728E-05  0.            020100
  0.            0.            0.            0.            0.            020010
  0.632730E-04  0.240875E-04  0.            0.            0.264536E-04  020001
 -0.718253E-04  0.228836E-05  0.            0.           -0.109556E-04  012000
 -0.188828E-03  0.421610E-04  0.            0.           -0.472486E-04  011100
  0.            0.            0.            0.            0.            011010
  0.            0.           -0.330275E-03 -0.149850E-03  0.            011001
 -0.251420E-03  0.360590E-04  0.            0.           -0.516845E-04  010200
  0.            0.            0.            0.            0.            010110
  0.            0.            0.237072E-03  0.106982E-03  0.            010101
  0.            0.            0.            0.            0.            010020
  0.            0.            0.            0.            0.            010011
 -0.218984E-02 -0.372514E-05  0.            0.            0.674437E-04  010002
  0.            0.           -0.792463E-05  0.105121E-04  0.            003000
  0.            0.           -0.227789E-03 -0.954512E-05  0.            002100
  0.            0.            0.            0.            0.            002010
  0.289553E-03  0.123814E-03  0.            0.            0.806472E-04  002001
  0.            0.           -0.387792E-03  0.261842E-04  0.            001200
  0.            0.            0.            0.            0.            001110
 -0.431205E-03 -0.131782E-03  0.            0.            0.156093E-03  001101
  0.            0.            0.            0.            0.            001020
  0.            0.            0.            0.            0.            001011
  0.            0.            0.349339E-02  0.228265E-02  0.            001002
  0.            0.           -0.312818E-03  0.885307E-05  0.            000300
  0.            0.            0.            0.            0.            000210
  0.116516E-03  0.359654E-04  0.            0.            0.784702E-04  000201
  0.            0.            0.            0.            0.            000120
  0.            0.            0.            0.            0.            000111
  0.            0.           -0.514288E-02  0.344370E-03  0.            000102
  0.            0.            0.            0.            0.            000030
  0.            0.            0.            0.            0.            000021
  0.            0.            0.            0.            0.            000012
  0.549407E-02  0.436257E-02  0.            0.            0.124710E-01  000003
-------------------------------------------------------------------------------
F8-F9.5
  0.885410E+00  0.533320E+00  0.            0.           -0.315639E+00  100000
 -0.184572E+01  0.176663E-01  0.            0.            0.671026E+00  010000
  0.            0.           -0.278562E+00  0.871626E+00  0.            001000
  0.            0.           -0.113524E+01 -0.376864E-01  0.            000100
  0.            0.            0.            0.            0.100000E+01  000010
  0.211988E+00  0.666889E+01  0.            0.            0.684866E+02  000001
  0.139895E-03 -0.192272E-04  0.            0.           -0.105647E-02  200000
 -0.224462E-03 -0.606239E-04  0.            0.            0.625946E-03  110000
  0.            0.            0.342746E-04  0.164563E-03  0.            101000
  0.            0.            0.153228E-03  0.186562E-03  0.            100100
  0.            0.            0.            0.            0.            100010
 -0.592445E-01  0.598576E-02  0.            0.           -0.824154E-02  100001
 -0.162974E-03 -0.327390E-04  0.            0.           -0.149005E-02  020000
  0.            0.           -0.386346E-03 -0.256275E-04  0.            011000
  0.            0.            0.132935E-04 -0.937681E-04  0.            010100
  0.            0.            0.            0.            0.            010010
 -0.318685E-01 -0.304915E-01  0.            0.            0.676638E-03  010001
 -0.823661E-04 -0.923699E-04  0.            0.           -0.270608E-02  002000
  0.329561E-03 -0.110284E-04  0.            0.           -0.241338E-02  001100
  0.            0.            0.            0.            0.            001010
  0.            0.           -0.102218E+00 -0.404629E-01  0.            001001
  0.142778E-03 -0.303391E-04  0.            0.           -0.296816E-02  000200
  0.            0.            0.            0.            0.            000110
  0.            0.           -0.179657E-01 -0.948569E-01  0.            000101
  0.            0.            0.            0.            0.            000020
  0.            0.            0.            0.            0.            000011
 -0.591075E+00 -0.468013E-01  0.            0.           -0.112787E+01  000002
  0.169738E-04 -0.157774E-05  0.            0.           -0.514560E-06  300000
 -0.275011E-05  0.722319E-05  0.            0.           -0.228481E-05  210000
  0.            0.            0.677915E-04 -0.225757E-05  0.            201000
  0.            0.           -0.134761E-04  0.237276E-04  0.            200100
  0.            0.            0.            0.            0.            200010
  0.516162E-03 -0.410947E-04  0.            0.            0.313334E-04  200001
  0.285777E-04  0.222847E-05  0.            0.           -0.469867E-05  120000
  0.            0.           -0.147734E-06  0.485008E-04  0.            111000
  0.            0.            0.534095E-04  0.302944E-04  0.            110100
  0.            0.            0.            0.            0.            110010
 -0.720666E-04  0.112770E-03  0.            0.            0.393928E-04  110001
  0.113757E-03  0.252778E-05  0.            0.           -0.399789E-05  102000
  0.298064E-04  0.295241E-04  0.            0.           -0.148051E-04  101100
  0.            0.            0.            0.            0.            101010
  0.            0.            0.157676E-02 -0.487068E-05  0.            101001
  0.650042E-04  0.816200E-05  0.            0.           -0.141939E-04  100200
  0.            0.            0.            0.            0.            100110
  0.            0.           -0.180493E-03  0.284340E-03  0.            100101
  0.            0.            0.            0.            0.            100020
  0.            0.            0.            0.            0.            100011
  0.655455E-02 -0.558360E-03  0.            0.            0.405798E-03  100002
  0.233922E-04  0.123535E-04  0.            0.           -0.738679E-05  030000
  0.            0.            0.694028E-04  0.600414E-04  0.            021000
  0.            0.            0.370418E-04  0.119527E-03  0.            020100
  0.            0.            0.            0.            0.            020010
  0.255168E-03  0.308107E-04  0.            0.            0.225695E-04  020001
  0.808283E-04  0.410763E-04  0.            0.           -0.112884E-04  012000
  0.217791E-03  0.689734E-04  0.            0.           -0.470081E-04  011100
  0.            0.            0.            0.            0.            011010
  0.            0.            0.593074E-03  0.508335E-03  0.            011001
  0.148817E-03  0.713466E-04  0.            0.           -0.515374E-04  010200
  0.            0.            0.            0.            0.            010110
  0.            0.            0.668467E-03  0.660074E-04  0.            010101
  0.            0.            0.            0.            0.            010020
  0.            0.            0.            0.            0.            010011
  0.384468E-02  0.109329E-02  0.            0.            0.431156E-03  010002
  0.            0.            0.124302E-03  0.411328E-04  0.            003000
  0.            0.            0.100137E-03  0.139336E-03  0.            002100
  0.            0.            0.            0.            0.            002010
  0.159001E-02  0.166938E-03  0.            0.            0.192601E-03  002001
  0.            0.            0.121110E-03  0.175455E-03  0.            001200
  0.            0.            0.            0.            0.            001110
  0.409551E-03  0.321871E-03  0.            0.            0.495711E-03  001101
  0.            0.            0.            0.            0.            001020
  0.            0.            0.            0.            0.            001011
  0.            0.            0.155118E-01  0.172430E-02  0.            001002
  0.            0.            0.334197E-04  0.128295E-03  0.            000300
  0.            0.            0.            0.            0.            000210
  0.321018E-03  0.124869E-04  0.            0.            0.171469E-03  000201
  0.            0.            0.            0.            0.            000120
  0.            0.            0.            0.            0.            000111
  0.            0.            0.102823E-01  0.495291E-02  0.            000102
  0.            0.            0.            0.            0.            000030
  0.            0.            0.            0.            0.            000021
  0.            0.            0.            0.            0.            000012
  0.393880E-01 -0.330649E-03  0.            0.            0.203165E-01  000003
-------------------------------------------------------------------------------
F8-F10
  0.197832E+01 -0.243212E+00  0.            0.           -0.315639E+00  100000
  0.793136E-01  0.495728E+00  0.            0.            0.671026E+00  010000
  0.            0.            0.217719E+01  0.101223E+00  0.            001000
  0.            0.           -0.788236E-01  0.455642E+00  0.            000100
  0.            0.            0.            0.            0.100000E+01  000010
  0.248177E+02 -0.123497E+00  0.            0.            0.901401E+02  000001
 -0.725852E-04 -0.373949E-04  0.            0.           -0.149215E-02  200000
 -0.223971E-03  0.609131E-04  0.            0.            0.862101E-03  110000
  0.            0.            0.409894E-03 -0.157198E-04  0.            101000
  0.            0.            0.463164E-03 -0.636799E-04  0.            100100
  0.            0.            0.            0.            0.            100010
  0.325529E-01  0.227302E-01  0.            0.           -0.176027E-01  100001
 -0.120645E-03  0.441144E-04  0.            0.           -0.182727E-02  020000
  0.            0.           -0.587483E-04  0.155219E-03  0.            011000
  0.            0.           -0.233996E-03 -0.420377E-05  0.            010100
  0.            0.            0.            0.            0.            010010
 -0.138071E+00  0.972835E-02  0.            0.           -0.321799E-03  010001
 -0.343163E-03  0.230516E-04  0.            0.           -0.388639E-02  002000
 -0.434662E-04 -0.884359E-04  0.            0.           -0.153812E-02  001100
  0.            0.            0.            0.            0.            001010
  0.            0.           -0.679823E-01  0.628335E-01  0.            001001
 -0.113961E-03 -0.380587E-04  0.            0.           -0.338486E-02  000200
  0.            0.            0.            0.            0.            000110
  0.            0.           -0.268322E+00 -0.522426E-03  0.            000101
  0.            0.            0.            0.            0.            000020
  0.            0.            0.            0.            0.            000011
 -0.192454E+00  0.248882E+00  0.            0.           -0.151320E+01  000002
 -0.217236E-04 -0.951760E-05  0.            0.           -0.507430E-06  300000
  0.568952E-04  0.820408E-05  0.            0.           -0.211426E-05  210000
  0.            0.           -0.777390E-04 -0.565022E-04  0.            201000
  0.            0.            0.105177E-03  0.232134E-04  0.            200100
  0.            0.            0.            0.            0.            200010
 -0.561999E-03 -0.278610E-03  0.            0.            0.444664E-04  200001
 -0.137605E-04 -0.122284E-04  0.            0.           -0.470172E-05  120000
  0.            0.            0.204422E-03  0.328628E-04  0.            111000
  0.            0.            0.195409E-04 -0.430289E-04  0.            110100
  0.            0.            0.            0.            0.            110010
  0.902998E-03  0.150657E-03  0.            0.            0.566619E-04  110001
 -0.594665E-04 -0.508790E-04  0.            0.           -0.436124E-05  102000
  0.195628E-03  0.162663E-04  0.            0.           -0.152595E-04  101100
  0.            0.            0.            0.            0.            101010
  0.            0.           -0.129487E-02 -0.115686E-02  0.            101001
  0.155364E-05 -0.253386E-04  0.            0.           -0.138367E-04  100200
  0.            0.            0.            0.            0.            100110
  0.            0.            0.153226E-02  0.397525E-03  0.            100101
  0.            0.            0.            0.            0.            100020
  0.            0.            0.            0.            0.            100011
 -0.689963E-02 -0.306886E-02  0.            0.            0.689321E-03  100002
  0.517897E-04 -0.538014E-05  0.            0.           -0.744081E-05  030000
  0.            0.            0.119730E-03 -0.399553E-04  0.            021000
  0.            0.            0.317380E-03 -0.887152E-05  0.            020100
  0.            0.            0.            0.            0.            020010
 -0.542142E-04 -0.107139E-03  0.            0.            0.254070E-04  020001
  0.198133E-03 -0.115286E-04  0.            0.           -0.109682E-04  012000
  0.195917E-03 -0.724858E-04  0.            0.           -0.469206E-04  011100
  0.            0.            0.            0.            0.            011010
  0.            0.            0.193940E-02  0.316851E-04  0.            011001
  0.284524E-03 -0.363757E-04  0.            0.           -0.515863E-04  010200
  0.            0.            0.            0.            0.            010110
  0.            0.           -0.299282E-03 -0.446967E-03  0.            010101
  0.            0.            0.            0.            0.            010020
  0.            0.            0.            0.            0.            010011
  0.608849E-02 -0.889092E-03  0.            0.            0.766379E-03  010002
  0.            0.            0.558991E-04 -0.687815E-04  0.            003000
  0.            0.            0.431865E-03 -0.757554E-05  0.            002100
  0.            0.            0.            0.            0.            002010
  0.366978E-04 -0.618521E-03  0.            0.            0.427931E-03  002001
  0.            0.            0.380964E-03 -0.724089E-04  0.            001200
  0.            0.            0.            0.            0.            001110
  0.191511E-02  0.112080E-03  0.            0.            0.615907E-03  001101
  0.            0.            0.            0.            0.            001020
  0.            0.            0.            0.            0.            001011
  0.            0.           -0.761980E-02 -0.109348E-01  0.            001002
  0.            0.            0.331469E-03 -0.102889E-04  0.            000300
  0.            0.            0.            0.            0.            000210
 -0.186493E-03 -0.157750E-03  0.            0.            0.612942E-04  000201
  0.            0.            0.            0.            0.            000120
  0.            0.            0.            0.            0.            000111
  0.            0.            0.118572E-01 -0.521824E-02  0.            000102
  0.            0.            0.            0.            0.            000030
  0.            0.            0.            0.            0.            000021
  0.            0.            0.            0.            0.            000012
 -0.225538E-01 -0.165391E-01  0.            0.            0.276680E-01  000003
-------------------------------------------------------------------------------
F8-F11
 -0.970231E+00  0.939172E+00  0.            0.            0.130565E-01  100000
 -0.630835E-01 -0.969618E+00  0.            0.           -0.123227E-02  010000
  0.            0.           -0.980434E+00 -0.484662E+00  0.            001000
  0.            0.            0.795440E-01 -0.980635E+00  0.            000100
  0.            0.            0.            0.            0.100000E+01  000010
  0.370613E-01  0.211119E+00  0.            0.            0.137230E+03  000001
 -0.156877E-03  0.312626E-04  0.            0.           -0.282869E-02  200000
  0.325411E-03  0.262768E-05  0.            0.            0.278155E-02  110000
  0.            0.           -0.745798E-04 -0.345963E-03  0.            101000
  0.            0.           -0.326763E-03 -0.588664E-04  0.            100100
  0.            0.            0.            0.            0.            100010
 -0.561545E-01 -0.527361E-01  0.            0.           -0.692072E-01  100001
  0.389554E-05 -0.166288E-03  0.            0.           -0.304955E-02  020000
  0.            0.            0.111583E-04 -0.710878E-05  0.            011000
  0.            0.           -0.947744E-05 -0.152689E-04  0.            010100
  0.            0.            0.            0.            0.            010010
  0.111823E+00 -0.555529E-01  0.            0.           -0.220819E-02  010001
 -0.355404E-05 -0.152733E-03  0.            0.           -0.495760E-02  002000
  0.164174E-04  0.878512E-04  0.            0.           -0.250073E-02  001100
  0.            0.            0.            0.            0.            001010
  0.            0.            0.594756E-01 -0.156206E+00  0.            001001
  0.515690E-05  0.162555E-03  0.            0.           -0.591391E-02  000200
  0.            0.            0.            0.            0.            000110
  0.            0.            0.216503E+00  0.602101E-01  0.            000101
  0.            0.            0.            0.            0.            000020
  0.            0.            0.            0.            0.            000011
 -0.331678E-01 -0.627602E+00  0.            0.           -0.269034E+01  000002
  0.361176E-04  0.229743E-04  0.            0.            0.132695E-04  300000
 -0.928568E-04 -0.139408E-04  0.            0.           -0.113587E-04  210000
  0.            0.            0.178864E-04  0.142556E-03  0.            201000
  0.            0.           -0.206379E-03 -0.131587E-03  0.            200100
  0.            0.            0.            0.            0.            200010
  0.285938E-03  0.517899E-03  0.            0.            0.582527E-03  200001
  0.609420E-04  0.329541E-04  0.            0.            0.139097E-04  120000
  0.            0.           -0.895347E-04 -0.744522E-04  0.            111000
  0.            0.            0.244177E-03  0.216293E-03  0.            110100
  0.            0.            0.            0.            0.            110010
 -0.510781E-03  0.185544E-04  0.            0.           -0.789496E-04  110001
  0.226836E-04  0.113212E-03  0.            0.            0.784193E-04  102000
 -0.946101E-04  0.319087E-04  0.            0.           -0.292276E-04  101100
  0.            0.            0.            0.            0.            101010
  0.            0.            0.258928E-03  0.308105E-02  0.            101001
  0.137881E-03  0.858596E-04  0.            0.            0.225054E-04  100200
  0.            0.            0.            0.            0.            100110
  0.            0.           -0.832951E-03 -0.904522E-03  0.            100101
  0.            0.            0.            0.            0.            100020
  0.            0.            0.            0.            0.            100011
  0.601741E-02  0.544258E-02  0.            0.            0.765792E-02  100002
 -0.436665E-04  0.226445E-04  0.            0.            0.239808E-06  030000
  0.            0.           -0.735089E-04  0.863200E-04  0.            021000
  0.            0.           -0.264187E-03 -0.640763E-04  0.            020100
  0.            0.            0.            0.            0.            020010
 -0.351705E-05  0.259605E-03  0.            0.            0.129752E-03  020001
 -0.117612E-03  0.985436E-04  0.            0.            0.184439E-04  012000
 -0.120647E-03  0.213411E-03  0.            0.            0.628516E-04  011100
  0.            0.            0.            0.            0.            011010
  0.            0.           -0.114207E-02  0.101786E-03  0.            011001
 -0.264399E-03  0.123728E-03  0.            0.            0.206948E-06  010200
  0.            0.            0.            0.            0.            010110
  0.            0.            0.560944E-04  0.116160E-02  0.            010101
  0.            0.            0.            0.            0.            010020
  0.            0.            0.            0.            0.            010011
 -0.206270E-02  0.563023E-02  0.            0.            0.220921E-02  010002
  0.            0.           -0.543408E-04  0.179398E-03  0.            003000
  0.            0.           -0.226916E-03  0.722359E-05  0.            002100
  0.            0.            0.            0.            0.            002010
 -0.206662E-03  0.171735E-02  0.            0.            0.144295E-02  002001
  0.            0.           -0.211115E-03  0.122015E-03  0.            001200
  0.            0.            0.            0.            0.            001110
 -0.111861E-02  0.636881E-03  0.            0.            0.709001E-04  001101
  0.            0.            0.            0.            0.            001020
  0.            0.            0.            0.            0.            001011
  0.            0.            0.157331E-01  0.346749E-01  0.            001002
  0.            0.           -0.298193E-03 -0.803192E-04  0.            000300
  0.            0.            0.            0.            0.            000210
  0.795242E-04  0.368343E-03  0.            0.            0.392264E-03  000201
  0.            0.            0.            0.            0.            000120
  0.            0.            0.            0.            0.            000111
  0.            0.           -0.859442E-02  0.153483E-01  0.            000102
  0.            0.            0.            0.            0.            000030
  0.            0.            0.            0.            0.            000021
  0.            0.            0.            0.            0.            000012
  0.380671E-01  0.348218E-01  0.            0.            0.758768E-01  000003
-------------------------------------------------------------------------------
F8-F11+1m
 -0.310597E-01  0.939172E+00  0.            0.            0.130565E-01  100000
 -0.103270E+01 -0.969618E+00  0.            0.           -0.123227E-02  010000
  0.            0.           -0.146510E+01 -0.484662E+00  0.            001000
  0.            0.           -0.901091E+00 -0.980635E+00  0.            000100
  0.            0.            0.            0.            0.100000E+01  000010
  0.248180E+00  0.211119E+00  0.            0.            0.141033E+03  000001
 -0.125615E-03  0.312626E-04  0.            0.           -0.306897E-02  200000
  0.328039E-03  0.262768E-05  0.            0.            0.327770E-02  110000
  0.            0.           -0.420543E-03 -0.345963E-03  0.            101000
  0.            0.           -0.385629E-03 -0.588664E-04  0.            100100
  0.            0.            0.            0.            0.            100010
 -0.118282E+00 -0.527361E-01  0.            0.           -0.693152E-01  100001
 -0.162393E-03 -0.166288E-03  0.            0.           -0.330567E-02  020000
  0.            0.            0.404952E-05 -0.710878E-05  0.            011000
  0.            0.           -0.247463E-04 -0.152689E-04  0.            010100
  0.            0.            0.            0.            0.            010010
  0.659661E-01 -0.555529E-01  0.            0.           -0.209666E-02  010001
 -0.156287E-03 -0.152733E-03  0.            0.           -0.502159E-02  002000
  0.104269E-03  0.878512E-04  0.            0.           -0.275968E-02  001100
  0.            0.            0.            0.            0.            001010
  0.            0.           -0.918836E-01 -0.156206E+00  0.            001001
  0.167711E-03  0.162555E-03  0.            0.           -0.617588E-02  000200
  0.            0.            0.            0.            0.            000110
  0.            0.            0.286519E+00  0.602101E-01  0.            000101
  0.            0.            0.            0.            0.            000020
  0.            0.            0.            0.            0.            000011
 -0.662881E+00 -0.627602E+00  0.            0.           -0.274739E+01  000002
  0.595062E-04  0.229743E-04  0.            0.            0.132535E-04  300000
 -0.108080E-03 -0.139408E-04  0.            0.           -0.113436E-04  210000
  0.            0.            0.160229E-03  0.142556E-03  0.            201000
  0.            0.           -0.338398E-03 -0.131587E-03  0.            200100
  0.            0.            0.            0.            0.            200010
  0.803804E-03  0.517899E-03  0.            0.            0.615991E-03  200001
  0.952206E-04  0.329541E-04  0.            0.            0.139962E-04  120000
  0.            0.           -0.163545E-03 -0.744522E-04  0.            111000
  0.            0.            0.461363E-03  0.216293E-03  0.            110100
  0.            0.            0.            0.            0.            110010
 -0.492829E-03  0.185544E-04  0.            0.           -0.917690E-04  110001
  0.136006E-03  0.113212E-03  0.            0.            0.784061E-04  102000
 -0.622551E-04  0.319087E-04  0.            0.           -0.294729E-04  101100
  0.            0.            0.            0.            0.            101010
  0.            0.            0.334334E-02  0.308105E-02  0.            101001
  0.224192E-03  0.858596E-04  0.            0.            0.223907E-04  100200
  0.            0.            0.            0.            0.            100110
  0.            0.           -0.173708E-02 -0.904522E-03  0.            100101
  0.            0.            0.            0.            0.            100020
  0.            0.            0.            0.            0.            100011
  0.121141E-01  0.544258E-02  0.            0.            0.798805E-02  100002
 -0.214778E-04  0.226445E-04  0.            0.            0.151961E-06  030000
  0.            0.            0.125832E-04  0.863200E-04  0.            021000
  0.            0.           -0.328725E-03 -0.640763E-04  0.            020100
  0.            0.            0.            0.            0.            020010
  0.258049E-03  0.259605E-03  0.            0.            0.107334E-03  020001
 -0.191827E-04  0.985436E-04  0.            0.            0.183614E-04  012000
  0.923028E-04  0.213411E-03  0.            0.            0.628902E-04  011100
  0.            0.            0.            0.            0.            011010
  0.            0.           -0.104012E-02  0.101786E-03  0.            011001
 -0.141137E-03  0.123728E-03  0.            0.            0.284665E-06  010200
  0.            0.            0.            0.            0.            010110
  0.            0.            0.121804E-02  0.116160E-02  0.            010101
  0.            0.            0.            0.            0.            010020
  0.            0.            0.            0.            0.            010011
  0.399219E-02  0.563023E-02  0.            0.            0.188104E-02  010002
  0.            0.            0.125001E-03  0.179398E-03  0.            003000
  0.            0.           -0.220038E-03  0.722359E-05  0.            002100
  0.            0.            0.            0.            0.            002010
  0.151224E-02  0.171735E-02  0.            0.            0.140345E-02  002001
  0.            0.           -0.897985E-04  0.122015E-03  0.            001200
  0.            0.            0.            0.            0.            001110
 -0.482512E-03  0.636881E-03  0.            0.            0.103168E-04  001101
  0.            0.            0.            0.            0.            001020
  0.            0.            0.            0.            0.            001011
  0.            0.            0.519047E-01  0.346749E-01  0.            001002
  0.            0.           -0.378984E-03 -0.803192E-04  0.            000300
  0.            0.            0.            0.            0.            000210
  0.446343E-03  0.368343E-03  0.            0.            0.431483E-03  000201
  0.            0.            0.            0.            0.            000120
  0.            0.            0.            0.            0.            000111
  0.            0.            0.601947E-02  0.153483E-01  0.            000102
  0.            0.            0.            0.            0.            000030
  0.            0.            0.            0.            0.            000021
  0.            0.            0.            0.            0.            000012
  0.791934E-01  0.348218E-01  0.            0.            0.768425E-01  000003
-------------------------------------------------------------------------------
F9-F9.5
 -0.722949E-02 -0.268457E+00  0.            0.            0.            100000
  0.372478E+01 -0.802625E-02  0.            0.            0.            010000
  0.            0.           -0.135510E-01 -0.401198E+00  0.            001000
  0.            0.            0.249210E+01 -0.130642E-01  0.            000100
  0.            0.            0.            0.            0.100000E+01  000010
  0.            0.            0.            0.            0.216535E+02  000001
  0.            0.            0.            0.           -0.982435E-04  200000
  0.            0.            0.            0.            0.619786E-04  110000
  0.            0.            0.            0.            0.            101000
  0.            0.            0.            0.            0.            100100
  0.            0.            0.            0.            0.            100010
  0.134208E-01 -0.334238E-03  0.            0.            0.            100001
  0.            0.            0.            0.           -0.136233E-02  020000
  0.            0.            0.            0.            0.            011000
  0.            0.            0.            0.            0.            010100
  0.            0.            0.            0.            0.            010010
 -0.387454E-02  0.134306E-01  0.            0.            0.            010001
  0.            0.            0.            0.           -0.289584E-03  002000
  0.            0.            0.            0.           -0.958658E-03  001100
  0.            0.            0.            0.            0.            001010
  0.            0.            0.267222E-01  0.691838E-02  0.            001001
  0.            0.            0.            0.           -0.183035E-02  000200
  0.            0.            0.            0.            0.            000110
  0.            0.            0.447471E-01  0.267187E-01  0.            000101
  0.            0.            0.            0.            0.            000020
  0.            0.            0.            0.            0.            000011
  0.            0.            0.            0.           -0.324803E+00  000002
 -0.102346E-05 -0.180241E-06  0.            0.            0.            300000
 -0.764248E-05 -0.179361E-05  0.            0.            0.            210000
  0.            0.           -0.503577E-05 -0.188208E-05  0.            201000
  0.            0.           -0.120133E-04 -0.469116E-05  0.            200100
  0.            0.            0.            0.            0.            200010
  0.            0.            0.            0.            0.263819E-05  200001
 -0.253193E-04 -0.760855E-05  0.            0.            0.            120000
  0.            0.           -0.307515E-04 -0.119668E-04  0.            111000
  0.            0.           -0.763730E-04 -0.307329E-04  0.            110100
  0.            0.            0.            0.            0.            110010
  0.            0.            0.            0.            0.457310E-06  110001
 -0.747433E-05 -0.161826E-05  0.            0.            0.            102000
 -0.356495E-04 -0.803755E-05  0.            0.            0.            101100
  0.            0.            0.            0.            0.            101010
  0.            0.            0.            0.            0.            101001
 -0.444107E-04 -0.103193E-04  0.            0.            0.            100200
  0.            0.            0.            0.            0.            100110
  0.            0.            0.            0.            0.            100101
  0.            0.            0.            0.            0.            100020
  0.            0.            0.            0.            0.            100011
 -0.179692E-03  0.232830E-04  0.            0.            0.            100002
 -0.358277E-04 -0.143497E-04  0.            0.            0.            030000
  0.            0.           -0.659509E-04 -0.264487E-04  0.            021000
  0.            0.           -0.168826E-03 -0.707342E-04  0.            020100
  0.            0.            0.            0.            0.            020010
  0.            0.            0.            0.            0.366621E-04  020001
 -0.228638E-04 -0.695811E-05  0.            0.            0.            012000
 -0.113544E-03 -0.356094E-04  0.            0.            0.            011100
  0.            0.            0.            0.            0.            011010
  0.            0.            0.            0.            0.            011001
 -0.145788E-03 -0.476033E-04  0.            0.            0.            010200
  0.            0.            0.            0.            0.            010110
  0.            0.            0.            0.            0.            010101
  0.            0.            0.            0.            0.            010020
  0.            0.            0.            0.            0.            010011
 -0.353773E-03 -0.179842E-03  0.            0.            0.            010002
  0.            0.           -0.647512E-05 -0.249852E-05  0.            003000
  0.            0.           -0.478289E-04 -0.188452E-04  0.            002100
  0.            0.            0.            0.            0.            002010
  0.            0.            0.            0.            0.120952E-04  002001
  0.            0.           -0.120232E-03 -0.478085E-04  0.            001200
  0.            0.            0.            0.            0.            001110
  0.            0.            0.            0.            0.528163E-04  001101
  0.            0.            0.            0.            0.            001020
  0.            0.            0.            0.            0.            001011
  0.            0.           -0.556906E-03 -0.110383E-03  0.            001002
  0.            0.           -0.101689E-03 -0.412764E-04  0.            000300
  0.            0.            0.            0.            0.            000210
  0.            0.            0.            0.            0.768646E-04  000201
  0.            0.            0.            0.            0.            000120
  0.            0.            0.            0.            0.            000111
  0.            0.           -0.173059E-02 -0.556871E-03  0.            000102
  0.            0.            0.            0.            0.            000030
  0.            0.            0.            0.            0.            000021
  0.            0.            0.            0.            0.            000012
  0.            0.            0.            0.            0.508539E-02  000003
-------------------------------------------------------------------------------
F9-F10
 -0.999050E+00  0.462100E-02  0.            0.            0.            100000
 -0.572472E-01 -0.100069E+01  0.            0.            0.            010000
  0.            0.           -0.100024E+01  0.102530E-01  0.            001000
  0.            0.           -0.658362E-01 -0.999085E+00  0.            000100
  0.            0.            0.            0.            0.100000E+01  000010
  0.            0.            0.            0.            0.433070E+02  000001
  0.            0.            0.            0.           -0.196337E-03  200000
  0.            0.            0.            0.            0.110307E-06  110000
  0.            0.            0.            0.            0.            101000
  0.            0.            0.            0.            0.            100100
  0.            0.            0.            0.            0.            100010
 -0.414497E-03 -0.721008E-02  0.            0.            0.            100001
  0.            0.            0.            0.           -0.272774E-02  020000
  0.            0.            0.            0.            0.            011000
  0.            0.            0.            0.            0.            010100
  0.            0.            0.            0.            0.            010010
  0.100007E+00 -0.460548E-03  0.            0.            0.            010001
  0.            0.            0.            0.           -0.589445E-03  002000
  0.            0.            0.            0.           -0.394859E-06  001100
  0.            0.            0.            0.            0.            001010
  0.            0.           -0.141688E-02 -0.216117E-01  0.            001001
  0.            0.            0.            0.           -0.359748E-02  000200
  0.            0.            0.            0.            0.            000110
  0.            0.            0.132051E+00 -0.136084E-02  0.            000101
  0.            0.            0.            0.            0.            000020
  0.            0.            0.            0.            0.            000011
  0.            0.            0.            0.           -0.649606E+00  000002
  0.440733E-07  0.558825E-06  0.            0.            0.            300000
 -0.134679E-04  0.259228E-07  0.            0.            0.            210000
  0.            0.            0.386198E-06  0.413991E-05  0.            201000
  0.            0.           -0.233835E-04  0.126432E-06  0.            200100
  0.            0.            0.            0.            0.            200010
  0.            0.            0.            0.            0.483815E-05  200001
  0.234113E-06  0.134904E-04  0.            0.            0.            120000
  0.            0.           -0.604837E-04 -0.110077E-07  0.            111000
  0.            0.            0.547667E-07  0.604125E-04  0.            110100
  0.            0.            0.            0.            0.            110010
  0.            0.            0.            0.           -0.454418E-07  110001
  0.552558E-06  0.414625E-05  0.            0.            0.            102000
 -0.603831E-04  0.525020E-07  0.            0.            0.            101100
  0.            0.            0.            0.            0.            101010
  0.            0.            0.            0.            0.            101001
 -0.621551E-06  0.233955E-04  0.            0.            0.            100200
  0.            0.            0.            0.            0.            100110
  0.            0.            0.            0.            0.            100101
  0.            0.            0.            0.            0.            100020
  0.            0.            0.            0.            0.            100011
  0.365782E-03  0.871675E-04  0.            0.            0.            100002
 -0.105159E-03  0.665910E-06  0.            0.            0.            030000
  0.            0.            0.186757E-05  0.528795E-04  0.            021000
  0.            0.           -0.343926E-03  0.514058E-05  0.            020100
  0.            0.            0.            0.            0.            020010
  0.            0.            0.            0.            0.794413E-04  020001
 -0.528791E-04 -0.712890E-07  0.            0.            0.            012000
  0.231331E-06  0.604840E-04  0.            0.            0.            011100
  0.            0.            0.            0.            0.            011010
  0.            0.            0.            0.            0.            011001
 -0.343511E-03  0.355204E-05  0.            0.            0.            010200
  0.            0.            0.            0.            0.            010110
  0.            0.            0.            0.            0.            010101
  0.            0.            0.            0.            0.            010020
  0.            0.            0.            0.            0.            010011
 -0.143566E-02  0.367192E-03  0.            0.            0.            010002
  0.            0.            0.691827E-06  0.539906E-05  0.            003000
  0.            0.           -0.952496E-04 -0.306188E-07  0.            002100
  0.            0.            0.            0.            0.            002010
  0.            0.            0.            0.            0.454848E-04  002001
  0.            0.            0.823898E-07  0.951367E-04  0.            001200
  0.            0.            0.            0.            0.            001110
  0.            0.            0.            0.            0.275415E-05  001101
  0.            0.            0.            0.            0.            001020
  0.            0.            0.            0.            0.            001011
  0.            0.            0.145791E-02  0.819454E-03  0.            001002
  0.            0.           -0.197992E-03  0.408940E-05  0.            000300
  0.            0.            0.            0.            0.            000210
  0.            0.            0.            0.            0.237294E-04  000201
  0.            0.            0.            0.            0.            000120
  0.            0.            0.            0.            0.            000111
  0.            0.           -0.339844E-03  0.145629E-02  0.            000102
  0.            0.            0.            0.            0.            000030
  0.            0.            0.            0.            0.            000021
  0.            0.            0.            0.            0.            000012
  0.            0.            0.            0.            0.101708E-01  000003
-------------------------------------------------------------------------------
F9-F11
  0.495621E+00 -0.238741E+00  0.            0.           -0.570899E-02  100000
  0.762925E-01  0.198092E+01  0.            0.            0.135698E+01  010000
  0.            0.            0.455872E+00  0.993171E-01  0.            001000
  0.            0.           -0.658727E-01  0.217925E+01  0.            000100
  0.            0.            0.            0.            0.100000E+01  000010
  0.123520E+02 -0.573855E+01  0.            0.            0.902305E+02  000001
 -0.256016E-04  0.110370E-04  0.            0.           -0.368665E-03  200000
  0.171599E-03  0.125390E-03  0.            0.            0.940517E-03  110000
  0.            0.            0.323921E-04 -0.299457E-04  0.            101000
  0.            0.           -0.171475E-03 -0.187878E-03  0.            100100
  0.            0.            0.            0.            0.            100010
  0.833077E-02  0.232496E-01  0.            0.            0.886523E-02  100001
 -0.236692E-03 -0.219262E-03  0.            0.           -0.755526E-02  020000
  0.            0.           -0.248405E-05  0.312816E-03  0.            011000
  0.            0.           -0.494355E-03 -0.141028E-03  0.            010100
  0.            0.            0.            0.            0.            010010
 -0.134548E+00  0.350942E-01  0.            0.            0.570369E-03  010001
 -0.360434E-04  0.344597E-06  0.            0.           -0.783275E-03  002000
  0.229479E-05 -0.139554E-03  0.            0.            0.226316E-03  001100
  0.            0.            0.            0.            0.            001010
  0.            0.            0.806101E-03  0.623587E-01  0.            001001
 -0.254547E-03  0.512089E-03  0.            0.           -0.160011E-01  000200
  0.            0.            0.            0.            0.            000110
  0.            0.           -0.271815E+00 -0.720823E-01  0.            000101
  0.            0.            0.            0.            0.            000020
  0.            0.            0.            0.            0.            000011
  0.930817E-01  0.128956E+00  0.            0.           -0.140481E+01  000002
 -0.603600E-06 -0.190636E-05  0.            0.           -0.101484E-05  300000
  0.197098E-04 -0.311652E-05  0.            0.           -0.181132E-05  210000
  0.            0.           -0.715744E-07 -0.122847E-04  0.            201000
  0.            0.            0.462012E-04  0.122074E-04  0.            200100
  0.            0.            0.            0.            0.            200010
 -0.538103E-04 -0.220583E-04  0.            0.            0.186296E-04  200001
 -0.594383E-04 -0.506587E-04  0.            0.           -0.241157E-04  120000
  0.            0.            0.518351E-04  0.236602E-05  0.            111000
  0.            0.           -0.314231E-03 -0.316670E-03  0.            110100
  0.            0.            0.            0.            0.            110010
  0.543457E-03  0.165143E-03  0.            0.           -0.732953E-04  110001
  0.581469E-06 -0.115668E-04  0.            0.           -0.733734E-05  102000
  0.562258E-04 -0.231808E-04  0.            0.           -0.741904E-05  101100
  0.            0.            0.            0.            0.            101010
  0.            0.           -0.822223E-04 -0.400558E-04  0.            101001
 -0.182531E-03 -0.116802E-03  0.            0.           -0.392911E-04  100200
  0.            0.            0.            0.            0.            100110
  0.            0.            0.157402E-02  0.741616E-03  0.            100101
  0.            0.            0.            0.            0.            100020
  0.            0.            0.            0.            0.            100011
 -0.252394E-02 -0.629433E-03  0.            0.            0.114954E-04  100002
  0.207550E-03 -0.233773E-04  0.            0.           -0.577357E-05  030000
  0.            0.           -0.300295E-04 -0.163082E-03  0.            021000
  0.            0.            0.124671E-02  0.438388E-03  0.            020100
  0.            0.            0.            0.            0.            020010
 -0.157835E-02 -0.343570E-03  0.            0.            0.888885E-04  020001
  0.352047E-04 -0.210830E-04  0.            0.           -0.437818E-05  012000
 -0.840338E-04 -0.187667E-03  0.            0.           -0.106512E-03  011100
  0.            0.            0.            0.            0.            011010
  0.            0.            0.359768E-03  0.180982E-03  0.            011001
  0.138759E-02  0.433048E-04  0.            0.           -0.335268E-04  010200
  0.            0.            0.            0.            0.            010110
  0.            0.           -0.819522E-02 -0.378570E-02  0.            010101
  0.            0.            0.            0.            0.            010020
  0.            0.            0.            0.            0.            010011
  0.750773E-02 -0.527126E-03  0.            0.           -0.652130E-03  010002
  0.            0.            0.147940E-05 -0.143573E-04  0.            003000
  0.            0.            0.648966E-04 -0.876093E-06  0.            002100
  0.            0.            0.            0.            0.            002010
 -0.116150E-04 -0.834714E-05  0.            0.            0.609624E-04  002001
  0.            0.           -0.175172E-03 -0.348188E-03  0.            001200
  0.            0.            0.            0.            0.            001110
  0.460747E-03  0.168501E-03  0.            0.           -0.608167E-03  001101
  0.            0.            0.            0.            0.            001020
  0.            0.            0.            0.            0.            001011
  0.            0.           -0.738132E-02 -0.441440E-02  0.            001002
  0.            0.            0.160079E-02  0.644702E-03  0.            000300
  0.            0.            0.            0.            0.            000210
 -0.464995E-02 -0.125138E-02  0.            0.            0.390842E-03  000201
  0.            0.            0.            0.            0.            000120
  0.            0.            0.            0.            0.            000111
  0.            0.            0.224417E-01  0.375867E-02  0.            000102
  0.            0.            0.            0.            0.            000030
  0.            0.            0.            0.            0.            000021
  0.            0.            0.            0.            0.            000012
 -0.153477E-01 -0.625310E-02  0.            0.            0.234665E-01  000003
-------------------------------------------------------------------------------
F9-F11+1m
  0.256880E+00 -0.238741E+00  0.            0.           -0.570899E-02  100000
  0.205721E+01  0.198092E+01  0.            0.            0.135698E+01  010000
  0.            0.            0.555189E+00  0.993171E-01  0.            001000
  0.            0.            0.211338E+01  0.217925E+01  0.            000100
  0.            0.            0.            0.            0.100000E+01  000010
  0.661344E+01 -0.573855E+01  0.            0.            0.940330E+02  000001
 -0.145646E-04  0.110370E-04  0.            0.           -0.384192E-03  200000
  0.296989E-03  0.125390E-03  0.            0.            0.119819E-02  110000
  0.            0.            0.244639E-05 -0.299457E-04  0.            101000
  0.            0.           -0.359353E-03 -0.187878E-03  0.            100100
  0.            0.            0.            0.            0.            100010
  0.339678E-01  0.232496E-01  0.            0.            0.811879E-02  100001
 -0.455954E-03 -0.219262E-03  0.            0.           -0.862424E-02  020000
  0.            0.            0.310332E-03  0.312816E-03  0.            011000
  0.            0.           -0.635382E-03 -0.141028E-03  0.            010100
  0.            0.            0.            0.            0.            010010
 -0.119263E+00  0.350942E-01  0.            0.            0.676386E-02  010001
 -0.356988E-04  0.344597E-06  0.            0.           -0.785962E-03  002000
 -0.137259E-03 -0.139554E-03  0.            0.            0.108393E-03  001100
  0.            0.            0.            0.            0.            001010
  0.            0.            0.621716E-01  0.623587E-01  0.            001001
  0.257541E-03  0.512089E-03  0.            0.           -0.172948E-01  000200
  0.            0.            0.            0.            0.            000110
  0.            0.           -0.365689E+00 -0.720823E-01  0.            000101
  0.            0.            0.            0.            0.            000020
  0.            0.            0.            0.            0.            000011
  0.279424E+00  0.128956E+00  0.            0.           -0.147082E+01  000002
 -0.251676E-05 -0.190636E-05  0.            0.           -0.101341E-05  300000
  0.167627E-04 -0.311652E-05  0.            0.           -0.180693E-05  210000
  0.            0.           -0.123535E-04 -0.122847E-04  0.            201000
  0.            0.            0.584707E-04  0.122074E-04  0.            200100
  0.            0.            0.            0.            0.            200010
 -0.764695E-04 -0.220583E-04  0.            0.            0.221072E-04  200001
 -0.111502E-03 -0.506587E-04  0.            0.           -0.242795E-04  120000
  0.            0.            0.541542E-04  0.236602E-05  0.            111000
  0.            0.           -0.631931E-03 -0.316670E-03  0.            110100
  0.            0.            0.            0.            0.            110010
  0.715488E-03  0.165143E-03  0.            0.           -0.100383E-03  110001
 -0.109865E-04 -0.115668E-04  0.            0.           -0.733567E-05  102000
  0.329933E-04 -0.231808E-04  0.            0.           -0.739147E-05  101100
  0.            0.            0.            0.            0.            101010
  0.            0.           -0.121843E-03 -0.400558E-04  0.            101001
 -0.299901E-03 -0.116802E-03  0.            0.           -0.390014E-04  100200
  0.            0.            0.            0.            0.            100110
  0.            0.            0.232050E-02  0.741616E-03  0.            100101
  0.            0.            0.            0.            0.            100020
  0.            0.            0.            0.            0.            100011
 -0.342987E-02 -0.629433E-03  0.            0.            0.121099E-03  100002
  0.188060E-03 -0.233773E-04  0.            0.           -0.553693E-05  030000
  0.            0.           -0.192917E-03 -0.163082E-03  0.            021000
  0.            0.            0.168937E-02  0.438388E-03  0.            020100
  0.            0.            0.            0.            0.            020010
 -0.195350E-02 -0.343570E-03  0.            0.            0.791668E-04  020001
  0.141315E-04 -0.210830E-04  0.            0.           -0.439548E-05  012000
 -0.271272E-03 -0.187667E-03  0.            0.           -0.106725E-03  011100
  0.            0.            0.            0.            0.            011010
  0.            0.            0.536492E-03  0.180982E-03  0.            011001
  0.143560E-02  0.433048E-04  0.            0.           -0.339120E-04  010200
  0.            0.            0.            0.            0.            010110
  0.            0.           -0.120043E-01 -0.378570E-02  0.            010101
  0.            0.            0.            0.            0.            010020
  0.            0.            0.            0.            0.            010011
  0.699473E-02 -0.527126E-03  0.            0.           -0.848680E-03  010002
  0.            0.           -0.128774E-04 -0.143573E-04  0.            003000
  0.            0.            0.640528E-04 -0.876093E-06  0.            002100
  0.            0.            0.            0.            0.            002010
 -0.199939E-04 -0.834714E-05  0.            0.            0.576617E-04  002001
  0.            0.           -0.522652E-03 -0.348188E-03  0.            001200
  0.            0.            0.            0.            0.            001110
  0.629402E-03  0.168501E-03  0.            0.           -0.675562E-03  001101
  0.            0.            0.            0.            0.            001020
  0.            0.            0.            0.            0.            001011
  0.            0.           -0.124043E-01 -0.441440E-02  0.            001002
  0.            0.            0.225067E-02  0.644702E-03  0.            000300
  0.            0.            0.            0.            0.            000210
 -0.592008E-02 -0.125138E-02  0.            0.            0.512933E-03  000201
  0.            0.            0.            0.            0.            000120
  0.            0.            0.            0.            0.            000111
  0.            0.            0.272511E-01  0.375867E-02  0.            000102
  0.            0.            0.            0.            0.            000030
  0.            0.            0.            0.            0.            000021
  0.            0.            0.            0.            0.            000012
 -0.237590E-01 -0.625310E-02  0.            0.            0.250049E-01  000003
-------------------------------------------------------------------------------
F9.5-F10
 -0.734979E-02 -0.268678E+00  0.            0.            0.            100000
  0.372165E+01 -0.997774E-02  0.            0.            0.            010000
  0.            0.           -0.133460E-01 -0.400964E+00  0.            001000
  0.            0.            0.249359E+01 -0.120130E-01  0.            000100
  0.            0.            0.            0.            0.100000E+01  000010
  0.            0.            0.            0.            0.216535E+02  000001
  0.            0.            0.            0.           -0.982768E-04  200000
  0.            0.            0.            0.            0.612959E-04  110000
  0.            0.            0.            0.            0.            101000
  0.            0.            0.            0.            0.            100100
  0.            0.            0.            0.            0.            100010
  0.134141E-01 -0.338172E-03  0.            0.            0.            100001
  0.            0.            0.            0.           -0.136268E-02  020000
  0.            0.            0.            0.            0.            011000
  0.            0.            0.            0.            0.            010100
  0.            0.            0.            0.            0.            010010
 -0.381826E-02  0.134471E-01  0.            0.            0.            010001
  0.            0.            0.            0.           -0.289509E-03  002000
  0.            0.            0.            0.           -0.958235E-03  001100
  0.            0.            0.            0.            0.            001010
  0.            0.            0.267275E-01  0.692237E-02  0.            001001
  0.            0.            0.            0.           -0.183027E-02  000200
  0.            0.            0.            0.            0.            000110
  0.            0.            0.447402E-01  0.267203E-01  0.            000101
  0.            0.            0.            0.            0.            000020
  0.            0.            0.            0.            0.            000011
  0.            0.            0.            0.           -0.324803E+00  000002
 -0.102293E-05 -0.179988E-06  0.            0.            0.            300000
 -0.764242E-05 -0.179345E-05  0.            0.            0.            210000
  0.            0.           -0.503914E-05 -0.188372E-05  0.            201000
  0.            0.           -0.120221E-04 -0.469544E-05  0.            200100
  0.            0.            0.            0.            0.            200010
  0.            0.            0.            0.            0.263750E-05  200001
 -0.253345E-04 -0.761613E-05  0.            0.            0.            120000
  0.            0.           -0.307813E-04 -0.119806E-04  0.            111000
  0.            0.           -0.764533E-04 -0.307711E-04  0.            110100
  0.            0.            0.            0.            0.            110010
  0.            0.            0.            0.            0.481691E-06  110001
 -0.747086E-05 -0.161665E-05  0.            0.            0.            102000
 -0.356356E-04 -0.803107E-05  0.            0.            0.            101100
  0.            0.            0.            0.            0.            101010
  0.            0.            0.            0.            0.            101001
 -0.443977E-04 -0.103130E-04  0.            0.            0.            100200
  0.            0.            0.            0.            0.            100110
  0.            0.            0.            0.            0.            100101
  0.            0.            0.            0.            0.            100020
  0.            0.            0.            0.            0.            100011
 -0.179485E-03  0.233542E-04  0.            0.            0.            100002
 -0.358722E-04 -0.143715E-04  0.            0.            0.            030000
  0.            0.           -0.660206E-04 -0.264811E-04  0.            021000
  0.            0.           -0.169021E-03 -0.708272E-04  0.            020100
  0.            0.            0.            0.            0.            020010
  0.            0.            0.            0.            0.367016E-04  020001
 -0.228611E-04 -0.695670E-05  0.            0.            0.            012000
 -0.113541E-03 -0.356077E-04  0.            0.            0.            011100
  0.            0.            0.            0.            0.            011010
  0.            0.            0.            0.            0.            011001
 -0.145804E-03 -0.476105E-04  0.            0.            0.            010200
  0.            0.            0.            0.            0.            010110
  0.            0.            0.            0.            0.            010101
  0.            0.            0.            0.            0.            010020
  0.            0.            0.            0.            0.            010011
 -0.354650E-03 -0.180000E-03  0.            0.            0.            010002
  0.            0.           -0.647747E-05 -0.249977E-05  0.            003000
  0.            0.           -0.478478E-04 -0.188550E-04  0.            002100
  0.            0.            0.            0.            0.            002010
  0.            0.            0.            0.            0.120933E-04  002001
  0.            0.           -0.120284E-03 -0.478346E-04  0.            001200
  0.            0.            0.            0.            0.            001110
  0.            0.            0.            0.            0.527940E-04  001101
  0.            0.            0.            0.            0.            001020
  0.            0.            0.            0.            0.            001011
  0.            0.           -0.557091E-03 -0.110457E-03  0.            001002
  0.            0.           -0.101737E-03 -0.413001E-04  0.            000300
  0.            0.            0.            0.            0.            000210
  0.            0.            0.            0.            0.768358E-04  000201
  0.            0.            0.            0.            0.            000120
  0.            0.            0.            0.            0.            000111
  0.            0.           -0.173088E-02 -0.557054E-03  0.            000102
  0.            0.            0.            0.            0.            000030
  0.            0.            0.            0.            0.            000021
  0.            0.            0.            0.            0.            000012
  0.            0.            0.            0.            0.508539E-02  000003
-------------------------------------------------------------------------------
F9.5-F11
  0.165033E-01  0.533708E+00  0.            0.            0.364336E+00  100000
 -0.184663E+01  0.874936E+00  0.            0.            0.114545E-01  010000
  0.            0.           -0.323835E-01  0.873012E+00  0.            001000
  0.            0.           -0.113518E+01 -0.277039E+00  0.            000100
  0.            0.            0.            0.            0.100000E+01  000010
  0.123520E+02 -0.573855E+01  0.            0.            0.685708E+02  000001
 -0.174296E-04 -0.160715E-04  0.            0.           -0.448229E-03  200000
 -0.172191E-03 -0.123865E-03  0.            0.           -0.870567E-03  110000
  0.            0.           -0.526798E-04 -0.156845E-04  0.            101000
  0.            0.            0.408954E-05 -0.209387E-03  0.            100100
  0.            0.            0.            0.            0.            100010
 -0.295035E-01  0.668963E-02  0.            0.            0.458949E-03  100001
 -0.350588E-03  0.156492E-03  0.            0.           -0.372849E-02  020000
  0.            0.            0.259257E-03  0.279741E-03  0.            011000
  0.            0.            0.291931E-03 -0.281832E-03  0.            010100
  0.            0.            0.            0.            0.            010010
 -0.271125E-01 -0.611855E-01  0.            0.           -0.148304E-01  010001
 -0.409900E-04  0.831570E-04  0.            0.           -0.228720E-02  002000
 -0.187317E-05  0.133959E-03  0.            0.           -0.106262E-02  001100
  0.            0.            0.            0.            0.            001010
  0.            0.           -0.964223E-01 -0.421607E-01  0.            001001
 -0.223818E-03 -0.247861E-05  0.            0.           -0.302867E-02  000200
  0.            0.            0.            0.            0.            000110
  0.            0.           -0.204910E-01 -0.100622E+00  0.            000101
  0.            0.            0.            0.            0.            000020
  0.            0.            0.            0.            0.            000011
  0.930817E-01  0.128956E+00  0.            0.           -0.107982E+01  000002
  0.355688E-05  0.178252E-06  0.            0.            0.152605E-06  300000
  0.195949E-04  0.821197E-05  0.            0.            0.397826E-05  210000
  0.            0.            0.339320E-04  0.167015E-04  0.            201000
  0.            0.            0.102257E-04  0.198452E-04  0.            200100
  0.            0.            0.            0.            0.            200010
 -0.114343E-03 -0.247079E-04  0.            0.            0.603588E-05  200001
  0.607953E-04  0.938938E-05  0.            0.            0.370053E-05  120000
  0.            0.            0.140690E-03  0.103672E-03  0.            111000
  0.            0.            0.878478E-04  0.612023E-04  0.            110100
  0.            0.            0.            0.            0.            110010
 -0.539697E-03 -0.167845E-03  0.            0.            0.566104E-04  110001
  0.567347E-04  0.727666E-05  0.            0.            0.991231E-06  102000
  0.366124E-04  0.252340E-04  0.            0.            0.174302E-04  101100
  0.            0.            0.            0.            0.            101010
  0.            0.           -0.889111E-03 -0.409288E-03  0.            101001
  0.367277E-04 -0.521081E-05  0.            0.            0.636345E-05  100200
  0.            0.            0.            0.            0.            100110
  0.            0.           -0.216870E-03 -0.111994E-03  0.            100101
  0.            0.            0.            0.            0.            100020
  0.            0.            0.            0.            0.            100011
  0.201173E-02  0.184430E-03  0.            0.           -0.864567E-04  100002
  0.458766E-04  0.618903E-04  0.            0.            0.329713E-04  030000
  0.            0.            0.222000E-03  0.117826E-03  0.            021000
  0.            0.            0.720072E-04  0.285121E-03  0.            020100
  0.            0.            0.            0.            0.            020010
 -0.739810E-03 -0.308156E-03  0.            0.            0.184925E-03  020001
  0.119720E-03  0.502710E-04  0.            0.            0.138724E-04  012000
  0.147722E-03  0.812672E-05  0.            0.            0.207953E-04  011100
  0.            0.            0.            0.            0.            011010
  0.            0.           -0.234297E-02 -0.110224E-02  0.            011001
  0.466955E-04  0.142385E-03  0.            0.            0.105449E-03  010200
  0.            0.            0.            0.            0.            010110
  0.            0.           -0.655665E-03 -0.327794E-03  0.            010101
  0.            0.            0.            0.            0.            010020
  0.            0.            0.            0.            0.            010011
  0.773459E-02  0.246888E-02  0.            0.           -0.242084E-03  010002
  0.            0.            0.100629E-03  0.471688E-04  0.            003000
  0.            0.            0.845157E-04  0.990587E-04  0.            002100
  0.            0.            0.            0.            0.            002010
 -0.749407E-03 -0.206660E-03  0.            0.            0.145852E-03  002001
  0.            0.            0.989021E-04  0.843144E-04  0.            001200
  0.            0.            0.            0.            0.            001110
 -0.411531E-03 -0.144146E-03  0.            0.            0.417445E-03  001101
  0.            0.            0.            0.            0.            001020
  0.            0.            0.            0.            0.            001011
  0.            0.            0.107413E-01  0.391643E-02  0.            001002
  0.            0.            0.208183E-04  0.142548E-03  0.            000300
  0.            0.            0.            0.            0.            000210
 -0.654379E-04 -0.374624E-04  0.            0.            0.103118E-03  000201
  0.            0.            0.            0.            0.            000120
  0.            0.            0.            0.            0.            000111
  0.            0.            0.116153E-01  0.518994E-02  0.            000102
  0.            0.            0.            0.            0.            000030
  0.            0.            0.            0.            0.            000021
  0.            0.            0.            0.            0.            000012
 -0.153477E-01 -0.625310E-02  0.            0.            0.183768E-01  000003
-------------------------------------------------------------------------------
F9.5-F11+1m
  0.550211E+00  0.533708E+00  0.            0.            0.364336E+00  100000
 -0.971692E+00  0.874936E+00  0.            0.            0.114545E-01  010000
  0.            0.            0.840628E+00  0.873012E+00  0.            001000
  0.            0.           -0.141222E+01 -0.277039E+00  0.            000100
  0.            0.            0.            0.            0.100000E+01  000010
  0.661344E+01 -0.573855E+01  0.            0.            0.723733E+02  000001
 -0.335011E-04 -0.160715E-04  0.            0.           -0.525826E-03  200000
 -0.296056E-03 -0.123865E-03  0.            0.           -0.112498E-02  110000
  0.            0.           -0.683644E-04 -0.156845E-04  0.            101000
  0.            0.           -0.205297E-03 -0.209387E-03  0.            100100
  0.            0.            0.            0.            0.            100010
 -0.281509E-01  0.668963E-02  0.            0.            0.212763E-02  100001
 -0.194095E-03  0.156492E-03  0.            0.           -0.393703E-02  020000
  0.            0.            0.538997E-03  0.279741E-03  0.            011000
  0.            0.            0.100993E-04 -0.281832E-03  0.            010100
  0.            0.            0.            0.            0.            010010
 -0.970473E-01 -0.611855E-01  0.            0.           -0.120948E-01  010001
  0.421671E-04  0.831570E-04  0.            0.           -0.249483E-02  002000
  0.132085E-03  0.133959E-03  0.            0.           -0.930846E-03  001100
  0.            0.            0.            0.            0.            001010
  0.            0.           -0.147313E+00 -0.421607E-01  0.            001001
 -0.226297E-03 -0.247861E-05  0.            0.           -0.304958E-02  000200
  0.            0.            0.            0.            0.            000110
  0.            0.           -0.118342E+00 -0.100622E+00  0.            000101
  0.            0.            0.            0.            0.            000020
  0.            0.            0.            0.            0.            000011
  0.279424E+00  0.128956E+00  0.            0.           -0.114583E+01  000002
  0.381114E-05  0.178252E-06  0.            0.            0.157278E-06  300000
  0.281807E-04  0.821197E-05  0.            0.            0.402194E-05  210000
  0.            0.            0.507578E-04  0.167015E-04  0.            201000
  0.            0.            0.300315E-04  0.198452E-04  0.            200100
  0.            0.            0.            0.            0.            200010
 -0.141342E-03 -0.247079E-04  0.            0.            0.613389E-05  200001
  0.707975E-04  0.938938E-05  0.            0.            0.371407E-05  120000
  0.            0.            0.244769E-03  0.103672E-03  0.            111000
  0.            0.            0.148921E-03  0.612023E-04  0.            110100
  0.            0.            0.            0.            0.            110010
 -0.714342E-03 -0.167845E-03  0.            0.            0.776899E-04  110001
  0.642147E-04  0.727666E-05  0.            0.            0.974511E-06  102000
  0.617173E-04  0.252340E-04  0.            0.            0.174885E-04  101100
  0.            0.            0.            0.            0.            101010
  0.            0.           -0.130092E-02 -0.409288E-03  0.            101001
  0.315374E-04 -0.521081E-05  0.            0.            0.633256E-05  100200
  0.            0.            0.            0.            0.            100110
  0.            0.           -0.325922E-03 -0.111994E-03  0.            100101
  0.            0.            0.            0.            0.            100020
  0.            0.            0.            0.            0.            100011
  0.222762E-02  0.184430E-03  0.            0.           -0.148059E-03  100002
  0.108102E-03  0.618903E-04  0.            0.            0.328967E-04  030000
  0.            0.            0.340160E-03  0.117826E-03  0.            021000
  0.            0.            0.357022E-03  0.285121E-03  0.            020100
  0.            0.            0.            0.            0.            020010
 -0.105612E-02 -0.308156E-03  0.            0.            0.220208E-03  020001
  0.170324E-03  0.502710E-04  0.            0.            0.136997E-04  012000
  0.155637E-03  0.812672E-05  0.            0.            0.209077E-04  011100
  0.            0.            0.            0.            0.            011010
  0.            0.           -0.345238E-02 -0.110224E-02  0.            011001
  0.189114E-03  0.142385E-03  0.            0.            0.105407E-03  010200
  0.            0.            0.            0.            0.            010110
  0.            0.           -0.979250E-03 -0.327794E-03  0.            010101
  0.            0.            0.            0.            0.            010020
  0.            0.            0.            0.            0.            010011
  0.109766E-01  0.246888E-02  0.            0.           -0.568661E-03  010002
  0.            0.            0.148130E-03  0.471688E-04  0.            003000
  0.            0.            0.183258E-03  0.990587E-04  0.            002100
  0.            0.            0.            0.            0.            002010
 -0.959085E-03 -0.206660E-03  0.            0.            0.171768E-03  002001
  0.            0.            0.183317E-03  0.843144E-04  0.            001200
  0.            0.            0.            0.            0.            001110
 -0.555629E-03 -0.144146E-03  0.            0.            0.455805E-03  001101
  0.            0.            0.            0.            0.            001020
  0.            0.            0.            0.            0.            001011
  0.            0.            0.152115E-01  0.391643E-02  0.            001002
  0.            0.            0.163356E-03  0.142548E-03  0.            000300
  0.            0.            0.            0.            0.            000210
 -0.103096E-03 -0.374624E-04  0.            0.            0.884867E-04  000201
  0.            0.            0.            0.            0.            000120
  0.            0.            0.            0.            0.            000111
  0.            0.            0.177695E-01  0.518994E-02  0.            000102
  0.            0.            0.            0.            0.            000030
  0.            0.            0.            0.            0.            000021
  0.            0.            0.            0.            0.            000012
 -0.237590E-01 -0.625310E-02  0.            0.            0.199152E-01  000003
-------------------------------------------------------------------------------
F10-F11
 -0.496314E+00  0.229751E+00  0.            0.           -0.557684E-03  100000
 -0.478470E-01 -0.199271E+01  0.            0.           -0.135601E+01  010000
  0.            0.           -0.454779E+00 -0.121570E+00  0.            001000
  0.            0.            0.959013E-01 -0.217323E+01  0.            000100
  0.            0.            0.            0.            0.100000E+01  000010
  0.123520E+02 -0.573855E+01  0.            0.            0.469112E+02  000001
 -0.248484E-04  0.116273E-04  0.            0.           -0.168320E-03  200000
  0.172256E-03  0.122035E-03  0.            0.            0.915080E-03  110000
  0.            0.            0.305904E-04 -0.304290E-04  0.            101000
  0.            0.           -0.176052E-03 -0.186826E-03  0.            100100
  0.            0.            0.            0.            0.            100010
 -0.739283E-02 -0.903114E-02  0.            0.            0.915342E-03  100001
 -0.246140E-03 -0.225981E-03  0.            0.           -0.487270E-02  020000
  0.            0.           -0.929525E-05  0.312611E-03  0.            011000
  0.            0.           -0.483899E-03 -0.150857E-03  0.            010100
  0.            0.            0.            0.            0.            010010
  0.852861E-01 -0.106686E-01  0.            0.           -0.538362E-04  010001
 -0.359807E-04 -0.103174E-05  0.            0.           -0.192456E-03  002000
  0.181224E-05 -0.128907E-03  0.            0.           -0.250665E-05  001100
  0.            0.            0.            0.            0.            001010
  0.            0.           -0.630034E-04 -0.145872E-01  0.            001001
 -0.254977E-03  0.521526E-03  0.            0.           -0.124253E-01  000200
  0.            0.            0.            0.            0.            000110
  0.            0.            0.211811E+00  0.599978E-01  0.            000101
  0.            0.            0.            0.            0.            000020
  0.            0.            0.            0.            0.            000011
  0.930817E-01  0.128956E+00  0.            0.           -0.754836E+00  000002
  0.497091E-06  0.804936E-06  0.            0.            0.265951E-06  300000
 -0.125887E-04  0.525291E-07  0.            0.            0.179339E-05  210000
  0.            0.           -0.168686E-06  0.317618E-05  0.            201000
  0.            0.           -0.341673E-04 -0.902153E-05  0.            200100
  0.            0.            0.            0.            0.            200010
 -0.526507E-04 -0.222122E-04  0.            0.            0.684842E-05  200001
  0.579206E-04  0.237707E-04  0.            0.            0.567882E-05  120000
  0.            0.           -0.207941E-04  0.694724E-05  0.            111000
  0.            0.            0.315499E-03  0.182323E-03  0.            110100
  0.            0.            0.            0.            0.            110010
  0.533348E-03  0.169998E-03  0.            0.           -0.380021E-04  110001
 -0.134102E-05  0.357427E-05  0.            0.            0.181111E-05  102000
 -0.221093E-04  0.104751E-04  0.            0.            0.741924E-05  101100
  0.            0.            0.            0.            0.            101010
  0.            0.           -0.609097E-04 -0.300000E-04  0.            101001
  0.178006E-03  0.689114E-04  0.            0.            0.722291E-05  100200
  0.            0.            0.            0.            0.            100110
  0.            0.            0.155043E-02  0.724435E-03  0.            100101
  0.            0.            0.            0.            0.            100020
  0.            0.            0.            0.            0.            100011
  0.169220E-02  0.614211E-03  0.            0.           -0.128909E-03  100002
 -0.158343E-03 -0.346592E-05  0.            0.            0.458830E-05  030000
  0.            0.            0.242048E-04  0.432434E-04  0.            021000
  0.            0.           -0.110876E-02 -0.420840E-03  0.            020100
  0.            0.            0.            0.            0.            020010
 -0.158936E-02 -0.340214E-03  0.            0.            0.105578E-03  020001
 -0.815584E-05  0.952295E-05  0.            0.            0.464318E-05  012000
  0.583521E-04  0.626136E-04  0.            0.            0.240207E-04  011100
  0.            0.            0.            0.            0.            011010
  0.            0.            0.292446E-03  0.143906E-03  0.            011001
 -0.123258E-02 -0.137603E-03  0.            0.            0.268902E-04  010200
  0.            0.            0.            0.            0.            010110
  0.            0.           -0.832234E-02 -0.381487E-02  0.            010101
  0.            0.            0.            0.            0.            010020
  0.            0.            0.            0.            0.            010011
 -0.768280E-02 -0.146770E-02  0.            0.            0.253530E-03  010002
  0.            0.           -0.147590E-05  0.267512E-05  0.            003000
  0.            0.           -0.179689E-04  0.146832E-04  0.            002100
  0.            0.            0.            0.            0.            002010
 -0.739760E-05 -0.395129E-05  0.            0.            0.929497E-05  002001
  0.            0.            0.140272E-03  0.120184E-03  0.            001200
  0.            0.            0.            0.            0.            001110
  0.367785E-03  0.120889E-03  0.            0.           -0.118422E-03  001101
  0.            0.            0.            0.            0.            001020
  0.            0.            0.            0.            0.            001011
  0.            0.            0.198561E-02  0.108660E-02  0.            001002
  0.            0.           -0.152367E-02 -0.639236E-03  0.            000300
  0.            0.            0.            0.            0.            000210
 -0.468237E-02 -0.128010E-02  0.            0.            0.405716E-03  000201
  0.            0.            0.            0.            0.            000120
  0.            0.            0.            0.            0.            000111
  0.            0.           -0.225954E-01 -0.897220E-02  0.            000102
  0.            0.            0.            0.            0.            000030
  0.            0.            0.            0.            0.            000021
  0.            0.            0.            0.            0.            000012
 -0.153477E-01 -0.625310E-02  0.            0.            0.132872E-01  000003
-------------------------------------------------------------------------------
F10-F11+1m
 -0.266562E+00  0.229751E+00  0.            0.           -0.557684E-03  100000
 -0.204055E+01 -0.199271E+01  0.            0.           -0.135601E+01  010000
  0.            0.           -0.576349E+00 -0.121570E+00  0.            001000
  0.            0.           -0.207733E+01 -0.217323E+01  0.            000100
  0.            0.            0.            0.            0.100000E+01  000010
  0.661344E+01 -0.573855E+01  0.            0.            0.507137E+02  000001
 -0.132210E-04  0.116273E-04  0.            0.           -0.182700E-03  200000
  0.294291E-03  0.122035E-03  0.            0.            0.116452E-02  110000
  0.            0.            0.161469E-06 -0.304290E-04  0.            101000
  0.            0.           -0.362878E-03 -0.186826E-03  0.            100100
  0.            0.            0.            0.            0.            100010
 -0.187215E-01 -0.903114E-02  0.            0.            0.163368E-02  100001
 -0.472121E-03 -0.225981E-03  0.            0.           -0.595444E-02  020000
  0.            0.            0.303316E-03  0.312611E-03  0.            011000
  0.            0.           -0.634757E-03 -0.150857E-03  0.            010100
  0.            0.            0.            0.            0.            010010
  0.945446E-01 -0.106686E-01  0.            0.           -0.628417E-02  010001
 -0.370124E-04 -0.103174E-05  0.            0.           -0.196482E-03  002000
 -0.127095E-03 -0.128907E-03  0.            0.           -0.146453E-03  001100
  0.            0.            0.            0.            0.            001010
  0.            0.           -0.134345E-01 -0.145872E-01  0.            001001
  0.266549E-03  0.521526E-03  0.            0.           -0.137119E-01  000200
  0.            0.            0.            0.            0.            000110
  0.            0.            0.293541E+00  0.599978E-01  0.            000101
  0.            0.            0.            0.            0.            000020
  0.            0.            0.            0.            0.            000011
  0.279424E+00  0.128956E+00  0.            0.           -0.820844E+00  000002
  0.130809E-05  0.804936E-06  0.            0.            0.264496E-06  300000
 -0.126939E-04  0.525291E-07  0.            0.            0.179074E-05  210000
  0.            0.            0.300429E-05  0.317618E-05  0.            201000
  0.            0.           -0.432462E-04 -0.902153E-05  0.            200100
  0.            0.            0.            0.            0.            200010
 -0.754336E-04 -0.222122E-04  0.            0.            0.840322E-05  200001
  0.830597E-04  0.237707E-04  0.            0.            0.583960E-05  120000
  0.            0.           -0.137912E-04  0.694724E-05  0.            111000
  0.            0.            0.498817E-03  0.182323E-03  0.            110100
  0.            0.            0.            0.            0.            110010
  0.710007E-03  0.169998E-03  0.            0.           -0.528199E-04  110001
  0.223495E-05  0.357427E-05  0.            0.            0.180922E-05  102000
 -0.115735E-04  0.104751E-04  0.            0.            0.738697E-05  101100
  0.            0.            0.            0.            0.            101010
  0.            0.           -0.904452E-04 -0.300000E-04  0.            101001
  0.247460E-03  0.689114E-04  0.            0.            0.693641E-05  100200
  0.            0.            0.            0.            0.            100110
  0.            0.            0.227959E-02  0.724435E-03  0.            100101
  0.            0.            0.            0.            0.            100020
  0.            0.            0.            0.            0.            100011
  0.243907E-02  0.614211E-03  0.            0.           -0.192668E-03  100002
 -0.165765E-03 -0.346592E-05  0.            0.            0.434295E-05  030000
  0.            0.            0.672068E-04  0.432434E-04  0.            021000
  0.            0.           -0.153391E-02 -0.420840E-03  0.            020100
  0.            0.            0.            0.            0.            020010
 -0.196150E-02 -0.340214E-03  0.            0.            0.122473E-03  020001
  0.135238E-05  0.952295E-05  0.            0.            0.466277E-05  012000
  0.120439E-03  0.626136E-04  0.            0.            0.242409E-04  011100
  0.            0.            0.            0.            0.            011010
  0.            0.            0.431836E-03  0.143906E-03  0.            011001
 -0.137488E-02 -0.137603E-03  0.            0.            0.272778E-04  010200
  0.            0.            0.            0.            0.            010110
  0.            0.           -0.121606E-01 -0.381487E-02  0.            010101
  0.            0.            0.            0.            0.            010020
  0.            0.            0.            0.            0.            010011
 -0.941105E-02 -0.146770E-02  0.            0.            0.528271E-03  010002
  0.            0.            0.119832E-05  0.267512E-05  0.            003000
  0.            0.           -0.333391E-05  0.146832E-04  0.            002100
  0.            0.            0.            0.            0.            002010
 -0.113810E-04 -0.395129E-05  0.            0.            0.843417E-05  002001
  0.            0.            0.259595E-03  0.120184E-03  0.            001200
  0.            0.            0.            0.            0.            001110
  0.488447E-03  0.120889E-03  0.            0.           -0.128239E-03  001101
  0.            0.            0.            0.            0.            001020
  0.            0.            0.            0.            0.            001011
  0.            0.            0.319968E-02  0.108660E-02  0.            001002
  0.            0.           -0.216804E-02 -0.639236E-03  0.            000300
  0.            0.            0.            0.            0.            000210
 -0.598123E-02 -0.128010E-02  0.            0.            0.513099E-03  000201
  0.            0.            0.            0.            0.            000120
  0.            0.            0.            0.            0.            000111
  0.            0.           -0.324965E-01 -0.897220E-02  0.            000102
  0.            0.            0.            0.            0.            000030
  0.            0.            0.            0.            0.            000021
  0.            0.            0.            0.            0.            000012
 -0.237590E-01 -0.625310E-02  0.            0.            0.148256E-01  000003
-------------------------------------------------------------------------------
