Ref. Par.:   286   90
Brho89: 7.6761 Tm
Brho9M: 7.4645 Tm
BrhoMT: 7.4645 Tm
BrhoTE: 7.6761 Tm
                                      unit: mm,mrad,dp/p(%)
F8-F9
 -0.200714E+01  0.237022E+00  0.            0.           -0.328214E+00  100000
 -0.404857E-01 -0.493440E+00  0.            0.            0.684172E+00  010000
  0.            0.           -0.214337E+01 -0.130113E+00  0.            001000
  0.            0.            0.178269E+00 -0.455732E+00  0.            000100
  0.            0.            0.            0.            0.100000E+01  000010
 -0.248116E+02  0.376344E-02  0.            0.            0.428856E+02  000001
  0.709541E-04  0.385208E-04  0.            0.           -0.584730E-03  200000
  0.225659E-03 -0.599809E-04  0.            0.            0.280728E-03  110000
  0.            0.           -0.414180E-03  0.113551E-04  0.            101000
  0.            0.           -0.471408E-03  0.585033E-04  0.            100100
  0.            0.            0.            0.            0.            100010
 -0.786754E-02 -0.854473E-02  0.            0.            0.173378E-02  100001
  0.119776E-03 -0.424875E-04  0.            0.           -0.117202E-02  020000
  0.            0.            0.743609E-04 -0.149792E-03  0.            011000
  0.            0.            0.237546E-03  0.110678E-04  0.            010100
  0.            0.            0.            0.            0.            010010
  0.885651E-01 -0.869678E-02  0.            0.            0.787552E-03  010001
  0.333501E-03 -0.198954E-04  0.            0.           -0.105990E-02  002000
  0.219819E-04  0.904374E-04  0.            0.           -0.141852E-02  001100
  0.            0.            0.            0.            0.            001010
  0.            0.            0.565363E-01 -0.147255E-01  0.            001001
  0.114762E-03  0.373677E-04  0.            0.           -0.271513E-02  000200
  0.            0.            0.            0.            0.            000110
  0.            0.            0.208429E+00  0.185646E-02  0.            000101
  0.            0.            0.            0.            0.            000020
  0.            0.            0.            0.            0.            000011
  0.198410E+00 -0.685221E-01  0.            0.           -0.684713E+00  000002
  0.748008E-05  0.376473E-05  0.            0.           -0.533266E-06  300000
 -0.226400E-04 -0.262829E-05  0.            0.           -0.255706E-05  210000
  0.            0.            0.252486E-04  0.180491E-04  0.            201000
  0.            0.           -0.525754E-04 -0.100700E-04  0.            200100
  0.            0.            0.            0.            0.            200010
  0.237887E-03  0.969999E-04  0.            0.            0.157492E-04  200001
 -0.334896E-05  0.590072E-05  0.            0.           -0.481971E-05  120000
  0.            0.           -0.832304E-04 -0.160013E-04  0.            111000
  0.            0.           -0.589410E-04  0.154153E-04  0.            110100
  0.            0.            0.            0.            0.            110010
 -0.252131E-03 -0.860965E-04  0.            0.            0.147923E-04  110001
  0.250135E-04  0.146694E-04  0.            0.           -0.372698E-05  102000
 -0.829611E-04 -0.487885E-05  0.            0.           -0.145292E-04  101100
  0.            0.            0.            0.            0.            101010
  0.            0.            0.702566E-03  0.319870E-03  0.            101001
 -0.232068E-04  0.155706E-04  0.            0.           -0.145165E-04  100200
  0.            0.            0.            0.            0.            100110
  0.            0.           -0.442754E-03 -0.206022E-03  0.            100101
  0.            0.            0.            0.            0.            100020
  0.            0.            0.            0.            0.            100011
  0.282228E-02  0.994197E-03  0.            0.            0.383918E-04  100002
 -0.385819E-04  0.486943E-05  0.            0.           -0.741058E-05  030000
  0.            0.           -0.107276E-03  0.983677E-05  0.            021000
  0.            0.           -0.278066E-03  0.512841E-05  0.            020100
  0.            0.            0.            0.            0.            020010
  0.635325E-04  0.241322E-04  0.            0.            0.256833E-04  020001
 -0.708548E-04  0.254422E-05  0.            0.           -0.112621E-04  012000
 -0.187685E-03  0.424899E-04  0.            0.           -0.484990E-04  011100
  0.            0.            0.            0.            0.            011010
  0.            0.           -0.322970E-03 -0.146627E-03  0.            011001
 -0.252067E-03  0.357761E-04  0.            0.           -0.530006E-04  010200
  0.            0.            0.            0.            0.            010110
  0.            0.            0.249840E-03  0.112588E-03  0.            010101
  0.            0.            0.            0.            0.            010020
  0.            0.            0.            0.            0.            010011
 -0.214699E-02 -0.911766E-05  0.            0.            0.615707E-04  010002
  0.            0.           -0.956217E-05  0.981270E-05  0.            003000
  0.            0.           -0.229648E-03 -0.102612E-04  0.            002100
  0.            0.            0.            0.            0.            002010
  0.275801E-03  0.118306E-03  0.            0.            0.796020E-04  002001
  0.            0.           -0.388418E-03  0.261168E-04  0.            001200
  0.            0.            0.            0.            0.            001110
 -0.442714E-03 -0.137475E-03  0.            0.            0.153348E-03  001101
  0.            0.            0.            0.            0.            001020
  0.            0.            0.            0.            0.            001011
  0.            0.            0.338916E-02  0.222268E-02  0.            001002
  0.            0.           -0.315963E-03  0.762145E-05  0.            000300
  0.            0.            0.            0.            0.            000210
  0.132227E-03  0.408858E-04  0.            0.            0.761146E-04  000201
  0.            0.            0.            0.            0.            000120
  0.            0.            0.            0.            0.            000111
  0.            0.           -0.524919E-02  0.256798E-03  0.            000102
  0.            0.            0.            0.            0.            000030
  0.            0.            0.            0.            0.            000021
  0.            0.            0.            0.            0.            000012
  0.563376E-02  0.428938E-02  0.            0.            0.113797E-01  000003
-------------------------------------------------------------------------------
F8-F9.5
  0.898597E+00  0.538717E+00  0.            0.           -0.328214E+00  100000
 -0.182924E+01  0.162021E-01  0.            0.            0.684172E+00  010000
  0.            0.           -0.388497E+00  0.824346E+00  0.            001000
  0.            0.           -0.117534E+01 -0.800835E-01  0.            000100
  0.            0.            0.            0.            0.100000E+01  000010
  0.259124E+00  0.672148E+01  0.            0.            0.632585E+02  000001
  0.142134E-03 -0.195463E-04  0.            0.           -0.109675E-02  200000
 -0.224623E-03 -0.602100E-04  0.            0.            0.649693E-03  110000
  0.            0.            0.194008E-04  0.160196E-03  0.            101000
  0.            0.            0.140061E-03  0.183456E-03  0.            100100
  0.            0.            0.            0.            0.            100010
 -0.594655E-01  0.609478E-02  0.            0.           -0.867639E-02  100001
 -0.158718E-03 -0.318444E-04  0.            0.           -0.150636E-02  020000
  0.            0.           -0.385937E-03 -0.324097E-04  0.            011000
  0.            0.            0.343790E-04 -0.914434E-04  0.            010100
  0.            0.            0.            0.            0.            010010
 -0.319387E-01 -0.304823E-01  0.            0.            0.138377E-02  010001
 -0.770499E-04 -0.897204E-04  0.            0.           -0.266315E-02  002000
  0.335118E-03 -0.689630E-05  0.            0.           -0.232038E-02  001100
  0.            0.            0.            0.            0.            001010
  0.            0.           -0.983728E-01 -0.402753E-01  0.            001001
  0.137428E-03 -0.313474E-04  0.            0.           -0.303167E-02  000200
  0.            0.            0.            0.            0.            000110
  0.            0.           -0.475555E-02 -0.914780E-01  0.            000101
  0.            0.            0.            0.            0.            000020
  0.            0.            0.            0.            0.            000011
 -0.591399E+00 -0.444822E-01  0.            0.           -0.105597E+01  000002
  0.172106E-04 -0.164919E-05  0.            0.           -0.533742E-06  300000
 -0.303608E-05  0.734927E-05  0.            0.           -0.236526E-05  210000
  0.            0.            0.700266E-04 -0.105781E-05  0.            201000
  0.            0.           -0.192591E-04  0.231816E-04  0.            200100
  0.            0.            0.            0.            0.            200010
  0.520722E-03 -0.427598E-04  0.            0.            0.318927E-04  200001
  0.284036E-04  0.213933E-05  0.            0.           -0.482315E-05  120000
  0.            0.           -0.543080E-05  0.460808E-04  0.            111000
  0.            0.            0.526581E-04  0.286065E-04  0.            110100
  0.            0.            0.            0.            0.            110010
 -0.788038E-04  0.113592E-03  0.            0.            0.411240E-04  110001
  0.110809E-03  0.267995E-05  0.            0.           -0.410027E-05  102000
  0.239401E-04  0.296097E-04  0.            0.           -0.151967E-04  101100
  0.            0.            0.            0.            0.            101010
  0.            0.            0.162100E-02  0.203373E-04  0.            101001
  0.658888E-04  0.746761E-05  0.            0.           -0.145639E-04  100200
  0.            0.            0.            0.            0.            100110
  0.            0.           -0.273993E-03  0.274221E-03  0.            100101
  0.            0.            0.            0.            0.            100020
  0.            0.            0.            0.            0.            100011
  0.656203E-02 -0.571549E-03  0.            0.            0.410750E-03  100002
  0.229290E-04  0.121256E-04  0.            0.           -0.747106E-05  030000
  0.            0.            0.636514E-04  0.581040E-04  0.            021000
  0.            0.            0.228166E-04  0.114344E-03  0.            020100
  0.            0.            0.            0.            0.            020010
  0.250413E-03  0.292948E-04  0.            0.            0.213518E-04  020001
  0.798190E-04  0.403307E-04  0.            0.           -0.115722E-04  012000
  0.213521E-03  0.672356E-04  0.            0.           -0.482328E-04  011100
  0.            0.            0.            0.            0.            011010
  0.            0.            0.555014E-03  0.488631E-03  0.            011001
  0.146045E-03  0.711872E-04  0.            0.           -0.528577E-04  010200
  0.            0.            0.            0.            0.            010110
  0.            0.            0.671629E-03  0.559541E-04  0.            010101
  0.            0.            0.            0.            0.            010020
  0.            0.            0.            0.            0.            010011
  0.378325E-02  0.107944E-02  0.            0.            0.434468E-03  010002
  0.            0.            0.120870E-03  0.411751E-04  0.            003000
  0.            0.            0.786123E-04  0.132312E-03  0.            002100
  0.            0.            0.            0.            0.            002010
  0.155058E-02  0.166873E-03  0.            0.            0.190204E-03  002001
  0.            0.            0.101841E-03  0.168068E-03  0.            001200
  0.            0.            0.            0.            0.            001110
  0.318519E-03  0.311762E-03  0.            0.            0.485008E-03  001101
  0.            0.            0.            0.            0.            001020
  0.            0.            0.            0.            0.            001011
  0.            0.            0.157254E-01  0.189409E-02  0.            001002
  0.            0.            0.178715E-04  0.124553E-03  0.            000300
  0.            0.            0.            0.            0.            000210
  0.314248E-03  0.234980E-05  0.            0.            0.160450E-03  000201
  0.            0.            0.            0.            0.            000120
  0.            0.            0.            0.            0.            000111
  0.            0.            0.956634E-02  0.486055E-02  0.            000102
  0.            0.            0.            0.            0.            000030
  0.            0.            0.            0.            0.            000021
  0.            0.            0.            0.            0.            000012
  0.390319E-01 -0.391851E-03  0.            0.            0.189607E-01  000003
-------------------------------------------------------------------------------
F8-F10
  0.198713E+01 -0.249168E+00  0.            0.           -0.328214E+00  100000
  0.782090E-01  0.493432E+00  0.            0.            0.684172E+00  010000
  0.            0.            0.212544E+01  0.171040E+00  0.            001000
  0.            0.           -0.235982E+00  0.451501E+00  0.            000100
  0.            0.            0.            0.            0.100000E+01  000010
  0.249018E+02 -0.153210E+00  0.            0.            0.834345E+02  000001
 -0.738355E-04 -0.381138E-04  0.            0.           -0.154691E-02  200000
 -0.220858E-03  0.613624E-04  0.            0.            0.893703E-03  110000
  0.            0.            0.415346E-03 -0.338174E-05  0.            101000
  0.            0.            0.478519E-03 -0.493474E-04  0.            100100
  0.            0.            0.            0.            0.            100010
  0.331558E-01  0.228648E-01  0.            0.           -0.183099E-01  100001
 -0.116413E-03  0.432258E-04  0.            0.           -0.184432E-02  020000
  0.            0.           -0.933198E-04  0.148099E-03  0.            011000
  0.            0.           -0.235984E-03 -0.156096E-04  0.            010100
  0.            0.            0.            0.            0.            010010
 -0.137114E+00  0.985974E-02  0.            0.            0.396842E-03  010001
 -0.331667E-03  0.219042E-04  0.            0.           -0.366089E-02  002000
 -0.288822E-04 -0.903488E-04  0.            0.           -0.145136E-02  001100
  0.            0.            0.            0.            0.            001010
  0.            0.           -0.819580E-01  0.557978E-01  0.            001001
 -0.117514E-03 -0.366975E-04  0.            0.           -0.352577E-02  000200
  0.            0.            0.            0.            0.            000110
  0.            0.           -0.271097E+00 -0.106009E-01  0.            000101
  0.            0.            0.            0.            0.            000020
  0.            0.            0.            0.            0.            000011
 -0.180650E+00  0.250019E+00  0.            0.           -0.142077E+01  000002
 -0.223605E-04 -0.970186E-05  0.            0.           -0.526594E-06  300000
  0.574440E-04  0.832184E-05  0.            0.           -0.219103E-05  210000
  0.            0.           -0.644382E-04 -0.532772E-04  0.            201000
  0.            0.            0.111478E-03  0.285835E-04  0.            200100
  0.            0.            0.            0.            0.            200010
 -0.576827E-03 -0.282863E-03  0.            0.            0.452155E-04  200001
 -0.139472E-04 -0.121801E-04  0.            0.           -0.482750E-05  120000
  0.            0.            0.192264E-03  0.325944E-04  0.            111000
  0.            0.            0.137858E-04 -0.433168E-04  0.            110100
  0.            0.            0.            0.            0.            110010
  0.906567E-03  0.152955E-03  0.            0.            0.589004E-04  110001
 -0.441802E-04 -0.458849E-04  0.            0.           -0.440153E-05  102000
  0.194211E-03  0.175879E-04  0.            0.           -0.155663E-04  101100
  0.            0.            0.            0.            0.            101010
  0.            0.           -0.102917E-02 -0.109287E-02  0.            101001
 -0.838619E-05 -0.276703E-04  0.            0.           -0.141771E-04  100200
  0.            0.            0.            0.            0.            100110
  0.            0.            0.162853E-02  0.484178E-03  0.            100101
  0.            0.            0.            0.            0.            100020
  0.            0.            0.            0.            0.            100011
 -0.701513E-02 -0.309310E-02  0.            0.            0.692862E-03  100002
  0.505029E-04 -0.533717E-05  0.            0.           -0.752435E-05  030000
  0.            0.            0.127120E-03 -0.328900E-04  0.            021000
  0.            0.            0.318323E-03  0.224729E-05  0.            020100
  0.            0.            0.            0.            0.            020010
 -0.587896E-04 -0.105805E-03  0.            0.            0.238240E-04  020001
  0.183583E-03 -0.138858E-04  0.            0.           -0.112844E-04  012000
  0.189982E-03 -0.713849E-04  0.            0.           -0.482152E-04  011100
  0.            0.            0.            0.            0.            011010
  0.            0.            0.187214E-02  0.396253E-04  0.            011001
  0.286843E-03 -0.349646E-04  0.            0.           -0.529050E-04  010200
  0.            0.            0.            0.            0.            010110
  0.            0.           -0.343743E-03 -0.455907E-03  0.            010101
  0.            0.            0.            0.            0.            010020
  0.            0.            0.            0.            0.            010011
  0.600092E-02 -0.874453E-03  0.            0.            0.774523E-03  010002
  0.            0.            0.791043E-04 -0.581644E-04  0.            003000
  0.            0.            0.418279E-03  0.259321E-05  0.            002100
  0.            0.            0.            0.            0.            002010
  0.156393E-03 -0.569731E-03  0.            0.            0.391111E-03  002001
  0.            0.            0.377906E-03 -0.587443E-04  0.            001200
  0.            0.            0.            0.            0.            001110
  0.186229E-02  0.133963E-03  0.            0.            0.556314E-03  001101
  0.            0.            0.            0.            0.            001020
  0.            0.            0.            0.            0.            001011
  0.            0.           -0.530476E-02 -0.103244E-01  0.            001002
  0.            0.            0.339557E-03  0.274307E-05  0.            000300
  0.            0.            0.            0.            0.            000210
 -0.283127E-03 -0.174357E-03  0.            0.            0.504289E-04  000201
  0.            0.            0.            0.            0.            000120
  0.            0.            0.            0.            0.            000111
  0.            0.            0.137287E-01 -0.414776E-02  0.            000102
  0.            0.            0.            0.            0.            000030
  0.            0.            0.            0.            0.            000021
  0.            0.            0.            0.            0.            000012
 -0.230253E-01 -0.164698E-01  0.            0.            0.258786E-01  000003
-------------------------------------------------------------------------------
F8-F11
 -0.973335E+00  0.965204E+00  0.            0.            0.163539E-01  100000
 -0.544587E-01 -0.973392E+00  0.            0.           -0.157524E-02  010000
  0.            0.           -0.942220E+00 -0.640145E+00  0.            001000
  0.            0.            0.179651E+00 -0.939268E+00  0.            000100
  0.            0.            0.            0.            0.100000E+01  000010
  0.433745E-01  0.257657E+00  0.            0.            0.126130E+03  000001
 -0.158694E-03  0.315460E-04  0.            0.           -0.296164E-02  200000
  0.321490E-03  0.213217E-05  0.            0.            0.289899E-02  110000
  0.            0.           -0.871527E-04 -0.390037E-03  0.            101000
  0.            0.           -0.344512E-03 -0.728148E-04  0.            100100
  0.            0.            0.            0.            0.            100010
 -0.563513E-01 -0.531066E-01  0.            0.           -0.711676E-01  100001
  0.377183E-05 -0.164435E-03  0.            0.           -0.308675E-02  020000
  0.            0.            0.843892E-05 -0.726128E-05  0.            011000
  0.            0.           -0.890177E-05 -0.130759E-04  0.            010100
  0.            0.            0.            0.            0.            010010
  0.110342E+00 -0.560369E-01  0.            0.           -0.206371E-02  010001
 -0.252896E-05 -0.157617E-03  0.            0.           -0.496496E-02  002000
  0.147192E-04  0.141496E-03  0.            0.           -0.315094E-02  001100
  0.            0.            0.            0.            0.            001010
  0.            0.            0.850507E-01 -0.130795E+00  0.            001001
  0.395494E-05  0.169025E-03  0.            0.           -0.607405E-02  000200
  0.            0.            0.            0.            0.            000110
  0.            0.            0.214970E+00  0.862050E-01  0.            000101
  0.            0.            0.            0.            0.            000020
  0.            0.            0.            0.            0.            000011
 -0.320566E-01 -0.628699E+00  0.            0.           -0.253450E+01  000002
  0.374045E-04  0.236806E-04  0.            0.            0.138464E-04  300000
 -0.945083E-04 -0.145481E-04  0.            0.           -0.118715E-04  210000
  0.            0.           -0.198606E-04  0.120214E-03  0.            201000
  0.            0.           -0.213274E-03 -0.148157E-03  0.            200100
  0.            0.            0.            0.            0.            200010
  0.289362E-03  0.524267E-03  0.            0.            0.602067E-03  200001
  0.611170E-04  0.331469E-04  0.            0.            0.141450E-04  120000
  0.            0.           -0.377639E-04 -0.523155E-04  0.            111000
  0.            0.            0.250749E-03  0.217974E-03  0.            110100
  0.            0.            0.            0.            0.            110010
 -0.510466E-03  0.146474E-04  0.            0.           -0.804408E-04  110001
  0.191390E-04  0.110506E-03  0.            0.            0.741975E-04  102000
 -0.440436E-04  0.374516E-04  0.            0.           -0.337189E-04  101100
  0.            0.            0.            0.            0.            101010
  0.            0.            0.437076E-04  0.287708E-02  0.            101001
  0.145983E-03  0.883369E-04  0.            0.            0.256035E-04  100200
  0.            0.            0.            0.            0.            100110
  0.            0.           -0.835651E-03 -0.113326E-02  0.            100101
  0.            0.            0.            0.            0.            100020
  0.            0.            0.            0.            0.            100011
  0.595065E-02  0.542846E-02  0.            0.            0.779183E-02  100002
 -0.426822E-04  0.225341E-04  0.            0.            0.268451E-06  030000
  0.            0.           -0.988307E-04  0.597952E-04  0.            021000
  0.            0.           -0.263756E-03 -0.920763E-04  0.            020100
  0.            0.            0.            0.            0.            020010
 -0.400046E-06  0.256405E-03  0.            0.            0.125913E-03  020001
 -0.117102E-03  0.103170E-03  0.            0.            0.232931E-04  012000
 -0.157355E-03  0.202183E-03  0.            0.            0.611639E-04  011100
  0.            0.            0.            0.            0.            011010
  0.            0.           -0.111500E-02  0.904009E-04  0.            011001
 -0.264711E-03  0.121455E-03  0.            0.           -0.260090E-05  010200
  0.            0.            0.            0.            0.            010110
  0.            0.            0.745695E-04  0.114495E-02  0.            010101
  0.            0.            0.            0.            0.            010020
  0.            0.            0.            0.            0.            010011
 -0.197556E-02  0.557646E-02  0.            0.            0.221049E-02  010002
  0.            0.           -0.739804E-04  0.154886E-03  0.            003000
  0.            0.           -0.238336E-03 -0.292703E-04  0.            002100
  0.            0.            0.            0.            0.            002010
 -0.296773E-03  0.170436E-02  0.            0.            0.128535E-02  002001
  0.            0.           -0.284828E-03  0.496574E-04  0.            001200
  0.            0.            0.            0.            0.            001110
 -0.104840E-02  0.537467E-03  0.            0.            0.935753E-04  001101
  0.            0.            0.            0.            0.            001020
  0.            0.            0.            0.            0.            001011
  0.            0.            0.119502E-01  0.323637E-01  0.            001002
  0.            0.           -0.302839E-03 -0.114258E-03  0.            000300
  0.            0.            0.            0.            0.            000210
  0.140852E-03  0.351325E-03  0.            0.            0.511074E-03  000201
  0.            0.            0.            0.            0.            000120
  0.            0.            0.            0.            0.            000111
  0.            0.           -0.119499E-01  0.114204E-01  0.            000102
  0.            0.            0.            0.            0.            000030
  0.            0.            0.            0.            0.            000021
  0.            0.            0.            0.            0.            000012
  0.373692E-01  0.342384E-01  0.            0.            0.725972E-01  000003
-------------------------------------------------------------------------------
F8-F11+1m
 -0.813096E-02  0.965204E+00  0.            0.            0.163539E-01  100000
 -0.102785E+01 -0.973392E+00  0.            0.           -0.157524E-02  010000
  0.            0.           -0.158237E+01 -0.640145E+00  0.            001000
  0.            0.           -0.759618E+00 -0.939268E+00  0.            000100
  0.            0.            0.            0.            0.100000E+01  000010
  0.301031E+00  0.257657E+00  0.            0.            0.129613E+03  000001
 -0.127148E-03  0.315460E-04  0.            0.           -0.322195E-02  200000
  0.323623E-03  0.213217E-05  0.            0.            0.342401E-02  110000
  0.            0.           -0.477189E-03 -0.390037E-03  0.            101000
  0.            0.           -0.417327E-03 -0.728148E-04  0.            100100
  0.            0.            0.            0.            0.            100010
 -0.119110E+00 -0.531066E-01  0.            0.           -0.713065E-01  100001
 -0.160664E-03 -0.164435E-03  0.            0.           -0.335149E-02  020000
  0.            0.            0.117764E-05 -0.726128E-05  0.            011000
  0.            0.           -0.219776E-04 -0.130759E-04  0.            010100
  0.            0.            0.            0.            0.            010010
  0.640390E-01 -0.560369E-01  0.            0.           -0.192356E-02  010001
 -0.160146E-03 -0.157617E-03  0.            0.           -0.507946E-02  002000
  0.156215E-03  0.141496E-03  0.            0.           -0.348694E-02  001100
  0.            0.            0.            0.            0.            001010
  0.            0.           -0.393427E-01 -0.130795E+00  0.            001001
  0.172980E-03  0.169025E-03  0.            0.           -0.632055E-02  000200
  0.            0.            0.            0.            0.            000110
  0.            0.            0.310568E+00  0.862050E-01  0.            000101
  0.            0.            0.            0.            0.            000020
  0.            0.            0.            0.            0.            000011
 -0.663332E+00 -0.628699E+00  0.            0.           -0.258677E+01  000002
  0.615347E-04  0.236806E-04  0.            0.            0.138294E-04  300000
 -0.110417E-03 -0.145481E-04  0.            0.           -0.118555E-04  210000
  0.            0.            0.100055E-03  0.120214E-03  0.            201000
  0.            0.           -0.361869E-03 -0.148157E-03  0.            200100
  0.            0.            0.            0.            0.            200010
  0.813674E-03  0.524267E-03  0.            0.            0.637536E-03  200001
  0.956356E-04  0.331469E-04  0.            0.            0.142349E-04  120000
  0.            0.           -0.894780E-04 -0.523155E-04  0.            111000
  0.            0.            0.469606E-03  0.217974E-03  0.            110100
  0.            0.            0.            0.            0.            110010
 -0.496567E-03  0.146474E-04  0.            0.           -0.928765E-04  110001
  0.129843E-03  0.110506E-03  0.            0.            0.741430E-04  102000
 -0.601163E-05  0.374516E-04  0.            0.           -0.340260E-04  101100
  0.            0.            0.            0.            0.            101010
  0.            0.            0.292453E-02  0.287708E-02  0.            101001
  0.234745E-03  0.883369E-04  0.            0.            0.254741E-04  100200
  0.            0.            0.            0.            0.            100110
  0.            0.           -0.196842E-02 -0.113326E-02  0.            100101
  0.            0.            0.            0.            0.            100020
  0.            0.            0.            0.            0.            100011
  0.120369E-01  0.542846E-02  0.            0.            0.814223E-02  100002
 -0.206092E-04  0.225341E-04  0.            0.            0.179007E-06  030000
  0.            0.           -0.393388E-04  0.597952E-04  0.            021000
  0.            0.           -0.356277E-03 -0.920763E-04  0.            020100
  0.            0.            0.            0.            0.            020010
  0.258016E-03  0.256405E-03  0.            0.            0.102400E-03  020001
 -0.141309E-04  0.103170E-03  0.            0.            0.232048E-04  012000
  0.442427E-04  0.202183E-03  0.            0.            0.612323E-04  011100
  0.            0.            0.            0.            0.            011010
  0.            0.           -0.102437E-02  0.904009E-04  0.            011001
 -0.143686E-03  0.121455E-03  0.            0.           -0.251582E-05  010200
  0.            0.            0.            0.            0.            010110
  0.            0.            0.121988E-02  0.114495E-02  0.            010101
  0.            0.            0.            0.            0.            010020
  0.            0.            0.            0.            0.            010011
  0.403350E-02  0.557646E-02  0.            0.            0.187290E-02  010002
  0.            0.            0.807741E-04  0.154886E-03  0.            003000
  0.            0.           -0.268183E-03 -0.292703E-04  0.            002100
  0.            0.            0.            0.            0.            002010
  0.140922E-02  0.170436E-02  0.            0.            0.124159E-02  002001
  0.            0.           -0.236018E-03  0.496574E-04  0.            001200
  0.            0.            0.            0.            0.            001110
 -0.512191E-03  0.537467E-03  0.            0.            0.645552E-04  001101
  0.            0.            0.            0.            0.            001020
  0.            0.            0.            0.            0.            001011
  0.            0.            0.455378E-01  0.323637E-01  0.            001002
  0.            0.           -0.417511E-03 -0.114258E-03  0.            000300
  0.            0.            0.            0.            0.            000210
  0.490601E-03  0.351325E-03  0.            0.            0.562764E-03  000201
  0.            0.            0.            0.            0.            000120
  0.            0.            0.            0.            0.            000111
  0.            0.           -0.151485E-02  0.114204E-01  0.            000102
  0.            0.            0.            0.            0.            000030
  0.            0.            0.            0.            0.            000021
  0.            0.            0.            0.            0.            000012
  0.779284E-01  0.342384E-01  0.            0.            0.734933E-01  000003
-------------------------------------------------------------------------------
F9-F9.5
 -0.983353E-02 -0.269665E+00  0.            0.            0.            100000
  0.370792E+01 -0.107097E-01  0.            0.            0.            010000
  0.            0.            0.241232E-01 -0.386101E+00  0.            001000
  0.            0.            0.258845E+01  0.246938E-01  0.            000100
  0.            0.            0.            0.            0.100000E+01  000010
  0.            0.            0.            0.            0.201761E+02  000001
  0.            0.            0.            0.           -0.100299E-03  200000
  0.            0.            0.            0.            0.642235E-04  110000
  0.            0.            0.            0.            0.            101000
  0.            0.            0.            0.            0.            100100
  0.            0.            0.            0.            0.            100010
  0.133600E-01 -0.349961E-03  0.            0.            0.            100001
  0.            0.            0.            0.           -0.137776E-02  020000
  0.            0.            0.            0.            0.            011000
  0.            0.            0.            0.            0.            010100
  0.            0.            0.            0.            0.            010010
 -0.379385E-02  0.133705E-01  0.            0.            0.            010001
  0.            0.            0.            0.           -0.284862E-03  002000
  0.            0.            0.            0.           -0.943970E-03  001100
  0.            0.            0.            0.            0.            001010
  0.            0.            0.261014E-01  0.680494E-02  0.            001001
  0.            0.            0.            0.           -0.184975E-02  000200
  0.            0.            0.            0.            0.            000110
  0.            0.            0.423210E-01  0.260971E-01  0.            000101
  0.            0.            0.            0.            0.            000020
  0.            0.            0.            0.            0.            000011
  0.            0.            0.            0.           -0.302641E+00  000002
 -0.101360E-05 -0.178857E-06  0.            0.            0.            300000
 -0.756349E-05 -0.177771E-05  0.            0.            0.            210000
  0.            0.           -0.499750E-05 -0.186769E-05  0.            201000
  0.            0.           -0.119109E-04 -0.465183E-05  0.            200100
  0.            0.            0.            0.            0.            200010
  0.            0.            0.            0.            0.262984E-05  200001
 -0.250182E-04 -0.751755E-05  0.            0.            0.            120000
  0.            0.           -0.304728E-04 -0.118589E-04  0.            111000
  0.            0.           -0.756521E-04 -0.304470E-04  0.            110100
  0.            0.            0.            0.            0.            110010
  0.            0.            0.            0.            0.550166E-06  110001
 -0.738088E-05 -0.160380E-05  0.            0.            0.            102000
 -0.352306E-04 -0.797388E-05  0.            0.            0.            101100
  0.            0.            0.            0.            0.            101010
  0.            0.            0.            0.            0.            101001
 -0.439350E-04 -0.102485E-04  0.            0.            0.            100200
  0.            0.            0.            0.            0.            100110
  0.            0.            0.            0.            0.            100101
  0.            0.            0.            0.            0.            100020
  0.            0.            0.            0.            0.            100011
 -0.174475E-03  0.230788E-04  0.            0.            0.            100002
 -0.353023E-04 -0.141330E-04  0.            0.            0.            030000
  0.            0.           -0.651062E-04 -0.261250E-04  0.            021000
  0.            0.           -0.166615E-03 -0.698589E-04  0.            020100
  0.            0.            0.            0.            0.            020010
  0.            0.            0.            0.            0.362298E-04  020001
 -0.225967E-04 -0.688412E-05  0.            0.            0.            012000
 -0.112328E-03 -0.352834E-04  0.            0.            0.            011100
  0.            0.            0.            0.            0.            011010
  0.            0.            0.            0.            0.            011001
 -0.144386E-03 -0.472410E-04  0.            0.            0.            010200
  0.            0.            0.            0.            0.            010110
  0.            0.            0.            0.            0.            010101
  0.            0.            0.            0.            0.            010020
  0.            0.            0.            0.            0.            010011
 -0.353451E-03 -0.174631E-03  0.            0.            0.            010002
  0.            0.           -0.639019E-05 -0.246807E-05  0.            003000
  0.            0.           -0.472488E-04 -0.186244E-04  0.            002100
  0.            0.            0.            0.            0.            002010
  0.            0.            0.            0.            0.116966E-04  002001
  0.            0.           -0.118884E-03 -0.472807E-04  0.            001200
  0.            0.            0.            0.            0.            001110
  0.            0.            0.            0.            0.510979E-04  001101
  0.            0.            0.            0.            0.            001020
  0.            0.            0.            0.            0.            001011
  0.            0.           -0.537937E-03 -0.106623E-03  0.            001002
  0.            0.           -0.100572E-03 -0.408438E-04  0.            000300
  0.            0.            0.            0.            0.            000210
  0.            0.            0.            0.            0.751622E-04  000201
  0.            0.            0.            0.            0.            000120
  0.            0.            0.            0.            0.            000111
  0.            0.           -0.166513E-02 -0.537892E-03  0.            000102
  0.            0.            0.            0.            0.            000030
  0.            0.            0.            0.            0.            000021
  0.            0.            0.            0.            0.            000012
  0.            0.            0.            0.            0.467714E-02  000003
-------------------------------------------------------------------------------
F9-F10
 -0.999064E+00  0.599496E-02  0.            0.            0.            100000
 -0.765263E-01 -0.100048E+01  0.            0.            0.            010000
  0.            0.           -0.999336E+00 -0.192023E-01  0.            001000
  0.            0.            0.126898E+00 -0.998226E+00  0.            000100
  0.            0.            0.            0.            0.100000E+01  000010
  0.            0.            0.            0.            0.403521E+02  000001
  0.            0.            0.            0.           -0.200352E-03  200000
  0.            0.            0.            0.           -0.212241E-07  110000
  0.            0.            0.            0.            0.            101000
  0.            0.            0.            0.            0.            100100
  0.            0.            0.            0.            0.            100010
 -0.550872E-03 -0.720689E-02  0.            0.            0.            100001
  0.            0.            0.            0.           -0.275983E-02  020000
  0.            0.            0.            0.            0.            011000
  0.            0.            0.            0.            0.            010100
  0.            0.            0.            0.            0.            010010
  0.991340E-01 -0.595243E-03  0.            0.            0.            010001
  0.            0.            0.            0.           -0.551981E-03  002000
  0.            0.            0.            0.           -0.179133E-05  001100
  0.            0.            0.            0.            0.            001010
  0.            0.            0.255059E-02 -0.198101E-01  0.            001001
  0.            0.            0.            0.           -0.381934E-02  000200
  0.            0.            0.            0.            0.            000110
  0.            0.            0.137233E+00  0.260473E-02  0.            000101
  0.            0.            0.            0.            0.            000020
  0.            0.            0.            0.            0.            000011
  0.            0.            0.            0.           -0.605282E+00  000002
  0.585238E-07  0.558697E-06  0.            0.            0.            300000
 -0.133270E-04  0.325354E-07  0.            0.            0.            210000
  0.            0.           -0.313850E-06  0.382910E-05  0.            201000
  0.            0.           -0.251187E-04 -0.655384E-06  0.            200100
  0.            0.            0.            0.            0.            200010
  0.            0.            0.            0.            0.480603E-05  200001
  0.308761E-06  0.133465E-04  0.            0.            0.            120000
  0.            0.           -0.599123E-04 -0.597286E-10  0.            111000
  0.            0.            0.746502E-07  0.598472E-04  0.            110100
  0.            0.            0.            0.            0.            110010
  0.            0.            0.            0.           -0.590432E-07  110001
 -0.281366E-06  0.383787E-05  0.            0.            0.            102000
 -0.597765E-04  0.131471E-07  0.            0.            0.            101100
  0.            0.            0.            0.            0.            101010
  0.            0.            0.            0.            0.            101001
  0.575610E-05  0.251463E-04  0.            0.            0.            100200
  0.            0.            0.            0.            0.            100110
  0.            0.            0.            0.            0.            100101
  0.            0.            0.            0.            0.            100020
  0.            0.            0.            0.            0.            100011
  0.364195E-03  0.842935E-04  0.            0.            0.            100002
 -0.102560E-03  0.853126E-06  0.            0.            0.            030000
  0.            0.           -0.875643E-05  0.480950E-04  0.            021000
  0.            0.           -0.363784E-03 -0.435064E-05  0.            020100
  0.            0.            0.            0.            0.            020010
  0.            0.            0.            0.            0.787330E-04  020001
 -0.481421E-04  0.864618E-06  0.            0.            0.            012000
 -0.693823E-06  0.598662E-04  0.            0.            0.            011100
  0.            0.            0.            0.            0.            011010
  0.            0.            0.            0.            0.            011001
 -0.363643E-03 -0.165602E-05  0.            0.            0.            010200
  0.            0.            0.            0.            0.            010110
  0.            0.            0.            0.            0.            010101
  0.            0.            0.            0.            0.            010020
  0.            0.            0.            0.            0.            010011
 -0.138675E-02  0.365513E-03  0.            0.            0.            010002
  0.            0.           -0.117325E-05  0.458878E-05  0.            003000
  0.            0.           -0.940811E-04 -0.400120E-07  0.            002100
  0.            0.            0.            0.            0.            002010
  0.            0.            0.            0.            0.411442E-04  002001
  0.            0.           -0.372116E-06  0.939745E-04  0.            001200
  0.            0.            0.            0.            0.            001110
  0.            0.            0.            0.           -0.470609E-05  001101
  0.            0.            0.            0.            0.            001020
  0.            0.            0.            0.            0.            001011
  0.            0.            0.131013E-02  0.765316E-03  0.            001002
  0.            0.           -0.227093E-03 -0.821740E-05  0.            000300
  0.            0.            0.            0.            0.            000210
  0.            0.            0.            0.            0.273219E-04  000201
  0.            0.            0.            0.            0.            000120
  0.            0.            0.            0.            0.            000111
  0.            0.           -0.658387E-03  0.130855E-02  0.            000102
  0.            0.            0.            0.            0.            000030
  0.            0.            0.            0.            0.            000021
  0.            0.            0.            0.            0.            000012
  0.            0.            0.            0.            0.935428E-02  000003
-------------------------------------------------------------------------------
F9-F11
  0.493190E+00 -0.245554E+00  0.            0.           -0.748600E-02  100000
  0.699003E-01  0.199281E+01  0.            0.            0.139034E+01  010000
  0.            0.            0.452775E+00  0.169524E+00  0.            001000
  0.            0.           -0.217090E+00  0.212732E+01  0.            000100
  0.            0.            0.            0.            0.100000E+01  000010
  0.122799E+02 -0.584243E+01  0.            0.            0.830534E+02  000001
 -0.256809E-04  0.111133E-04  0.            0.           -0.379675E-03  200000
  0.168331E-03  0.126876E-03  0.            0.            0.983789E-03  110000
  0.            0.            0.280061E-04 -0.351721E-04  0.            101000
  0.            0.           -0.176527E-03 -0.180814E-03  0.            100100
  0.            0.            0.            0.            0.            100010
  0.837700E-02  0.233264E-01  0.            0.            0.894769E-02  100001
 -0.228564E-03 -0.217293E-03  0.            0.           -0.769580E-02  020000
  0.            0.           -0.255587E-04  0.299117E-03  0.            011000
  0.            0.           -0.501800E-03 -0.211211E-03  0.            010100
  0.            0.            0.            0.            0.            010010
 -0.132943E+00  0.356485E-01  0.            0.            0.211719E-02  010001
 -0.351880E-04 -0.343848E-05  0.            0.           -0.752342E-03  002000
  0.157921E-05 -0.106106E-03  0.            0.           -0.499436E-03  001100
  0.            0.            0.            0.            0.            001010
  0.            0.           -0.919864E-02  0.549304E-01  0.            001001
 -0.260048E-03  0.549984E-03  0.            0.           -0.164989E-01  000200
  0.            0.            0.            0.            0.            000110
  0.            0.           -0.273759E+00 -0.856163E-01  0.            000101
  0.            0.            0.            0.            0.            000020
  0.            0.            0.            0.            0.            000011
  0.990520E-01  0.128374E+00  0.            0.           -0.129721E+01  000002
 -0.626423E-06 -0.192215E-05  0.            0.           -0.103662E-05  300000
  0.198501E-04 -0.308615E-05  0.            0.           -0.185806E-05  210000
  0.            0.            0.165778E-05 -0.110170E-04  0.            201000
  0.            0.            0.478743E-04  0.154429E-04  0.            200100
  0.            0.            0.            0.            0.            200010
 -0.552225E-04 -0.227012E-04  0.            0.            0.190458E-04  200001
 -0.595878E-04 -0.510098E-04  0.            0.           -0.245537E-04  120000
  0.            0.            0.418097E-04 -0.282844E-05  0.            111000
  0.            0.           -0.319234E-03 -0.314682E-03  0.            110100
  0.            0.            0.            0.            0.            110010
  0.550961E-03  0.169046E-03  0.            0.           -0.741786E-04  110001
  0.169528E-05 -0.115300E-04  0.            0.           -0.729424E-05  102000
  0.434239E-04 -0.262109E-04  0.            0.           -0.717082E-05  101100
  0.            0.            0.            0.            0.            101010
  0.            0.           -0.315397E-04 -0.160894E-04  0.            101001
 -0.191589E-03 -0.117863E-03  0.            0.           -0.412157E-04  100200
  0.            0.            0.            0.            0.            100110
  0.            0.            0.161568E-02  0.762299E-03  0.            100101
  0.            0.            0.            0.            0.            100020
  0.            0.            0.            0.            0.            100011
 -0.253215E-02 -0.631910E-03  0.            0.            0.306786E-04  100002
  0.204312E-03 -0.238662E-04  0.            0.           -0.625809E-05  030000
  0.            0.            0.134681E-04 -0.136293E-03  0.            021000
  0.            0.            0.126486E-02  0.475302E-03  0.            020100
  0.            0.            0.            0.            0.            020010
 -0.157373E-02 -0.347902E-03  0.            0.            0.822180E-04  020001
  0.312611E-04 -0.240640E-04  0.            0.           -0.654305E-05  012000
 -0.699464E-05 -0.175530E-03  0.            0.           -0.108015E-03  011100
  0.            0.            0.            0.            0.            011010
  0.            0.            0.972753E-04  0.596630E-04  0.            011001
  0.140388E-02  0.585705E-04  0.            0.           -0.222561E-04  010200
  0.            0.            0.            0.            0.            010110
  0.            0.           -0.831588E-02 -0.385005E-02  0.            010101
  0.            0.            0.            0.            0.            010020
  0.            0.            0.            0.            0.            010011
  0.747152E-02 -0.471294E-03  0.            0.           -0.667618E-03  010002
  0.            0.            0.314641E-05 -0.126137E-04  0.            003000
  0.            0.            0.566924E-04 -0.499621E-05  0.            002100
  0.            0.            0.            0.            0.            002010
 -0.158419E-05 -0.401367E-05  0.            0.            0.379276E-04  002001
  0.            0.           -0.276059E-04 -0.274215E-03  0.            001200
  0.            0.            0.            0.            0.            001110
  0.162680E-03  0.883907E-04  0.            0.           -0.554202E-03  001101
  0.            0.            0.            0.            0.            001020
  0.            0.            0.            0.            0.            001011
  0.            0.           -0.612562E-02 -0.390334E-02  0.            001002
  0.            0.            0.165149E-02  0.705435E-03  0.            000300
  0.            0.            0.            0.            0.            000210
 -0.472911E-02 -0.128451E-02  0.            0.            0.517749E-03  000201
  0.            0.            0.            0.            0.            000120
  0.            0.            0.            0.            0.            000111
  0.            0.            0.241899E-01  0.475747E-02  0.            000102
  0.            0.            0.            0.            0.            000030
  0.            0.            0.            0.            0.            000021
  0.            0.            0.            0.            0.            000012
 -0.154419E-01 -0.625656E-02  0.            0.            0.214526E-01  000003
-------------------------------------------------------------------------------
F9-F11+1m
  0.247636E+00 -0.245554E+00  0.            0.           -0.748600E-02  100000
  0.206271E+01  0.199281E+01  0.            0.            0.139034E+01  010000
  0.            0.            0.622299E+00  0.169524E+00  0.            001000
  0.            0.            0.191023E+01  0.212732E+01  0.            000100
  0.            0.            0.            0.            0.100000E+01  000010
  0.643751E+01 -0.584243E+01  0.            0.            0.865365E+02  000001
 -0.145676E-04  0.111133E-04  0.            0.           -0.396522E-03  200000
  0.295207E-03  0.126876E-03  0.            0.            0.125724E-02  110000
  0.            0.           -0.716603E-05 -0.351721E-04  0.            101000
  0.            0.           -0.357340E-03 -0.180814E-03  0.            100100
  0.            0.            0.            0.            0.            100010
  0.341589E-01  0.233264E-01  0.            0.            0.814599E-02  100001
 -0.445857E-03 -0.217293E-03  0.            0.           -0.880542E-02  020000
  0.            0.            0.273559E-03  0.299117E-03  0.            011000
  0.            0.           -0.713011E-03 -0.211211E-03  0.            010100
  0.            0.            0.            0.            0.            010010
 -0.117223E+00  0.356485E-01  0.            0.            0.862346E-02  010001
 -0.386265E-04 -0.343848E-05  0.            0.           -0.760372E-03  002000
 -0.104526E-03 -0.106106E-03  0.            0.           -0.700963E-03  001100
  0.            0.            0.            0.            0.            001010
  0.            0.            0.440365E-01  0.549304E-01  0.            001001
  0.289936E-03  0.549984E-03  0.            0.           -0.177633E-01  000200
  0.            0.            0.            0.            0.            000110
  0.            0.           -0.380648E+00 -0.856163E-01  0.            000101
  0.            0.            0.            0.            0.            000020
  0.            0.            0.            0.            0.            000011
  0.285850E+00  0.128374E+00  0.            0.           -0.135899E+01  000002
 -0.255597E-05 -0.192215E-05  0.            0.           -0.103510E-05  300000
  0.169442E-04 -0.308615E-05  0.            0.           -0.185303E-05  210000
  0.            0.           -0.935407E-05 -0.110170E-04  0.            201000
  0.            0.            0.633814E-04  0.154429E-04  0.            200100
  0.            0.            0.            0.            0.            200010
 -0.785632E-04 -0.227012E-04  0.            0.            0.227249E-04  200001
 -0.112060E-03 -0.510098E-04  0.            0.           -0.247248E-04  120000
  0.            0.            0.388983E-04 -0.282844E-05  0.            111000
  0.            0.           -0.634957E-03 -0.314682E-03  0.            110100
  0.            0.            0.            0.            0.            110010
  0.727315E-03  0.169046E-03  0.            0.           -0.102023E-03  110001
 -0.983825E-05 -0.115300E-04  0.            0.           -0.729138E-05  102000
  0.171244E-04 -0.262109E-04  0.            0.           -0.712644E-05  101100
  0.            0.            0.            0.            0.            101010
  0.            0.           -0.470341E-04 -0.160894E-04  0.            101001
 -0.310007E-03 -0.117863E-03  0.            0.           -0.409253E-04  100200
  0.            0.            0.            0.            0.            100110
  0.            0.            0.238284E-02  0.762299E-03  0.            100101
  0.            0.            0.            0.            0.            100020
  0.            0.            0.            0.            0.            100011
 -0.344210E-02 -0.631910E-03  0.            0.            0.145482E-03  100002
  0.184402E-03 -0.238662E-04  0.            0.           -0.601611E-05  030000
  0.            0.           -0.122489E-03 -0.136293E-03  0.            021000
  0.            0.            0.174439E-02  0.475302E-03  0.            020100
  0.            0.            0.            0.            0.            020010
 -0.195427E-02 -0.347902E-03  0.            0.            0.709182E-04  020001
  0.722579E-05 -0.240640E-04  0.            0.           -0.656756E-05  012000
 -0.181805E-03 -0.175530E-03  0.            0.           -0.108232E-03  011100
  0.            0.            0.            0.            0.            011010
  0.            0.            0.151973E-03  0.596630E-04  0.            011001
  0.146696E-02  0.585705E-04  0.            0.           -0.226175E-04  010200
  0.            0.            0.            0.            0.            010110
  0.            0.           -0.121886E-01 -0.385005E-02  0.            010101
  0.            0.            0.            0.            0.            010020
  0.            0.            0.            0.            0.            010011
  0.700716E-02 -0.471294E-03  0.            0.           -0.864868E-03  010002
  0.            0.           -0.946481E-05 -0.126137E-04  0.            003000
  0.            0.            0.517879E-04 -0.499621E-05  0.            002100
  0.            0.            0.            0.            0.            002010
 -0.564743E-05 -0.401367E-05  0.            0.            0.329233E-04  002001
  0.            0.           -0.300670E-03 -0.274215E-03  0.            001200
  0.            0.            0.            0.            0.            001110
  0.250025E-03  0.883907E-04  0.            0.           -0.606452E-03  001101
  0.            0.            0.            0.            0.            001020
  0.            0.            0.            0.            0.            001011
  0.            0.           -0.105531E-01 -0.390334E-02  0.            001002
  0.            0.            0.236174E-02  0.705435E-03  0.            000300
  0.            0.            0.            0.            0.            000210
 -0.603234E-02 -0.128451E-02  0.            0.            0.654495E-03  000201
  0.            0.            0.            0.            0.            000120
  0.            0.            0.            0.            0.            000111
  0.            0.            0.301189E-01  0.475747E-02  0.            000102
  0.            0.            0.            0.            0.            000030
  0.            0.            0.            0.            0.            000021
  0.            0.            0.            0.            0.            000012
 -0.238482E-01 -0.625656E-02  0.            0.            0.229270E-01  000003
-------------------------------------------------------------------------------
F9.5-F10
 -0.993679E-02 -0.269858E+00  0.            0.            0.            100000
  0.370520E+01 -0.123906E-01  0.            0.            0.            010000
  0.            0.            0.243179E-01 -0.385890E+00  0.            001000
  0.            0.            0.258980E+01  0.256240E-01  0.            000100
  0.            0.            0.            0.            0.100000E+01  000010
  0.            0.            0.            0.            0.201761E+02  000001
  0.            0.            0.            0.           -0.100329E-03  200000
  0.            0.            0.            0.            0.636147E-04  110000
  0.            0.            0.            0.            0.            101000
  0.            0.            0.            0.            0.            100100
  0.            0.            0.            0.            0.            100010
  0.133541E-01 -0.353305E-03  0.            0.            0.            100001
  0.            0.            0.            0.           -0.137807E-02  020000
  0.            0.            0.            0.            0.            011000
  0.            0.            0.            0.            0.            010100
  0.            0.            0.            0.            0.            010010
 -0.374494E-02  0.133848E-01  0.            0.            0.            010001
  0.            0.            0.            0.           -0.284794E-03  002000
  0.            0.            0.            0.           -0.943597E-03  001100
  0.            0.            0.            0.            0.            001010
  0.            0.            0.261057E-01  0.680825E-02  0.            001001
  0.            0.            0.            0.           -0.184970E-02  000200
  0.            0.            0.            0.            0.            000110
  0.            0.            0.423136E-01  0.260979E-01  0.            000101
  0.            0.            0.            0.            0.            000020
  0.            0.            0.            0.            0.            000011
  0.            0.            0.            0.           -0.302641E+00  000002
 -0.101314E-05 -0.178645E-06  0.            0.            0.            300000
 -0.756353E-05 -0.177767E-05  0.            0.            0.            210000
  0.            0.           -0.500044E-05 -0.186911E-05  0.            201000
  0.            0.           -0.119186E-04 -0.465556E-05  0.            200100
  0.            0.            0.            0.            0.            200010
  0.            0.            0.            0.            0.262921E-05  200001
 -0.250322E-04 -0.752459E-05  0.            0.            0.            120000
  0.            0.           -0.304992E-04 -0.118711E-04  0.            111000
  0.            0.           -0.757235E-04 -0.304808E-04  0.            110100
  0.            0.            0.            0.            0.            110010
  0.            0.            0.            0.            0.571552E-06  110001
 -0.737795E-05 -0.160250E-05  0.            0.            0.            102000
 -0.352190E-04 -0.796874E-05  0.            0.            0.            101100
  0.            0.            0.            0.            0.            101010
  0.            0.            0.            0.            0.            101001
 -0.439245E-04 -0.102437E-04  0.            0.            0.            100200
  0.            0.            0.            0.            0.            100110
  0.            0.            0.            0.            0.            100101
  0.            0.            0.            0.            0.            100020
  0.            0.            0.            0.            0.            100011
 -0.174297E-03  0.231382E-04  0.            0.            0.            100002
 -0.353423E-04 -0.141525E-04  0.            0.            0.            030000
  0.            0.           -0.651685E-04 -0.261538E-04  0.            021000
  0.            0.           -0.166789E-03 -0.699415E-04  0.            020100
  0.            0.            0.            0.            0.            020010
  0.            0.            0.            0.            0.362646E-04  020001
 -0.225949E-04 -0.688327E-05  0.            0.            0.            012000
 -0.112329E-03 -0.352840E-04  0.            0.            0.            011100
  0.            0.            0.            0.            0.            011010
  0.            0.            0.            0.            0.            011001
 -0.144405E-03 -0.472501E-04  0.            0.            0.            010200
  0.            0.            0.            0.            0.            010110
  0.            0.            0.            0.            0.            010101
  0.            0.            0.            0.            0.            010020
  0.            0.            0.            0.            0.            010011
 -0.354199E-03 -0.174765E-03  0.            0.            0.            010002
  0.            0.           -0.639227E-05 -0.246916E-05  0.            003000
  0.            0.           -0.472657E-04 -0.186329E-04  0.            002100
  0.            0.            0.            0.            0.            002010
  0.            0.            0.            0.            0.116948E-04  002001
  0.            0.           -0.118930E-03 -0.473037E-04  0.            001200
  0.            0.            0.            0.            0.            001110
  0.            0.            0.            0.            0.510778E-04  001101
  0.            0.            0.            0.            0.            001020
  0.            0.            0.            0.            0.            001011
  0.            0.           -0.538089E-03 -0.106684E-03  0.            001002
  0.            0.           -0.100614E-03 -0.408647E-04  0.            000300
  0.            0.            0.            0.            0.            000210
  0.            0.            0.            0.            0.751369E-04  000201
  0.            0.            0.            0.            0.            000120
  0.            0.            0.            0.            0.            000111
  0.            0.           -0.166534E-02 -0.538038E-03  0.            000102
  0.            0.            0.            0.            0.            000030
  0.            0.            0.            0.            0.            000021
  0.            0.            0.            0.            0.            000012
  0.            0.            0.            0.            0.467714E-02  000003
-------------------------------------------------------------------------------
F9.5-F11
  0.135677E-01  0.540022E+00  0.            0.            0.375007E+00  100000
 -0.182939E+01  0.890898E+00  0.            0.            0.140855E-01  010000
  0.            0.           -0.726381E-01  0.825547E+00  0.            001000
  0.            0.           -0.117722E+01 -0.387486E+00  0.            000100
  0.            0.            0.            0.            0.100000E+01  000010
  0.122799E+02 -0.584243E+01  0.            0.            0.629695E+02  000001
 -0.171100E-04 -0.161665E-04  0.            0.           -0.462129E-03  200000
 -0.169123E-03 -0.124814E-03  0.            0.           -0.908052E-03  110000
  0.            0.           -0.516940E-04 -0.192420E-04  0.            101000
  0.            0.            0.153980E-04 -0.211091E-03  0.            100100
  0.            0.            0.            0.            0.            100010
 -0.293514E-01  0.678938E-02  0.            0.            0.859815E-03  100001
 -0.346962E-03  0.157398E-03  0.            0.           -0.380812E-02  020000
  0.            0.            0.252068E-03  0.262808E-03  0.            011000
  0.            0.            0.284055E-03 -0.313737E-03  0.            010100
  0.            0.            0.            0.            0.            010010
 -0.269618E-01 -0.612678E-01  0.            0.           -0.147363E-01  010001
 -0.387728E-04  0.809746E-04  0.            0.           -0.217985E-02  002000
 -0.192315E-05  0.116664E-03  0.            0.           -0.657126E-03  001100
  0.            0.            0.            0.            0.            001010
  0.            0.           -0.926929E-01 -0.417064E-01  0.            001001
 -0.236013E-03 -0.160927E-04  0.            0.           -0.316844E-02  000200
  0.            0.            0.            0.            0.            000110
  0.            0.           -0.750854E-02 -0.961194E-01  0.            000101
  0.            0.            0.            0.            0.            000020
  0.            0.            0.            0.            0.            000011
  0.990520E-01  0.128374E+00  0.            0.           -0.997329E+00  000002
  0.356626E-05  0.176808E-06  0.            0.            0.152555E-06  300000
  0.196545E-04  0.834375E-05  0.            0.            0.406835E-05  210000
  0.            0.            0.332270E-04  0.165747E-04  0.            201000
  0.            0.            0.641455E-05  0.186238E-04  0.            200100
  0.            0.            0.            0.            0.            200010
 -0.115470E-03 -0.253790E-04  0.            0.            0.576351E-05  200001
  0.608985E-04  0.950285E-05  0.            0.            0.371231E-05  120000
  0.            0.            0.137433E-03  0.100999E-03  0.            111000
  0.            0.            0.748522E-04  0.525228E-04  0.            110100
  0.            0.            0.            0.            0.            110010
 -0.546077E-03 -0.171693E-03  0.            0.            0.575919E-04  110001
  0.531956E-04  0.710118E-05  0.            0.            0.117958E-05  102000
  0.251865E-04  0.235755E-04  0.            0.            0.177717E-04  101100
  0.            0.            0.            0.            0.            101010
  0.            0.           -0.872104E-03 -0.402098E-03  0.            101001
  0.357704E-04 -0.847743E-05  0.            0.            0.509749E-05  100200
  0.            0.            0.            0.            0.            100110
  0.            0.           -0.127454E-03 -0.712951E-04  0.            100101
  0.            0.            0.            0.            0.            100020
  0.            0.            0.            0.            0.            100011
  0.202016E-02  0.199472E-03  0.            0.           -0.910352E-04  100002
  0.456817E-04  0.616237E-04  0.            0.            0.332098E-04  030000
  0.            0.            0.215156E-03  0.118340E-03  0.            021000
  0.            0.            0.432148E-04  0.276905E-03  0.            020100
  0.            0.            0.            0.            0.            020010
 -0.746826E-03 -0.312497E-03  0.            0.            0.187241E-03  020001
  0.112974E-03  0.467505E-04  0.            0.            0.133463E-04  012000
  0.121608E-03  0.181064E-05  0.            0.            0.217067E-04  011100
  0.            0.            0.            0.            0.            011010
  0.            0.           -0.228862E-02 -0.107775E-02  0.            011001
  0.342250E-04  0.152415E-03  0.            0.            0.113193E-03  010200
  0.            0.            0.            0.            0.            010110
  0.            0.           -0.420852E-03 -0.218109E-03  0.            010101
  0.            0.            0.            0.            0.            010020
  0.            0.            0.            0.            0.            010011
  0.773981E-02  0.247936E-02  0.            0.           -0.288232E-03  010002
  0.            0.            0.915369E-04  0.437616E-04  0.            003000
  0.            0.            0.510941E-04  0.819734E-04  0.            002100
  0.            0.            0.            0.            0.            002010
 -0.702107E-03 -0.194574E-03  0.            0.            0.140687E-03  002001
  0.            0.            0.863600E-04  0.750031E-04  0.            001200
  0.            0.            0.            0.            0.            001110
 -0.250700E-03 -0.100645E-03  0.            0.            0.385081E-03  001101
  0.            0.            0.            0.            0.            001020
  0.            0.            0.            0.            0.            001011
  0.            0.            0.105397E-01  0.388180E-02  0.            001002
  0.            0.            0.909697E-05  0.148487E-03  0.            000300
  0.            0.            0.            0.            0.            000210
 -0.316322E-04 -0.259754E-04  0.            0.            0.634823E-04  000201
  0.            0.            0.            0.            0.            000120
  0.            0.            0.            0.            0.            000111
  0.            0.            0.105769E-01  0.482556E-02  0.            000102
  0.            0.            0.            0.            0.            000030
  0.            0.            0.            0.            0.            000021
  0.            0.            0.            0.            0.            000012
 -0.154419E-01 -0.625656E-02  0.            0.            0.168392E-01  000003
-------------------------------------------------------------------------------
F9.5-F11+1m
  0.553589E+00  0.540022E+00  0.            0.            0.375007E+00  100000
 -0.938497E+00  0.890898E+00  0.            0.            0.140855E-01  010000
  0.            0.            0.752909E+00  0.825547E+00  0.            001000
  0.            0.           -0.156471E+01 -0.387486E+00  0.            000100
  0.            0.            0.            0.            0.100000E+01  000010
  0.643751E+01 -0.584243E+01  0.            0.            0.664526E+02  000001
 -0.332765E-04 -0.161665E-04  0.            0.           -0.543612E-03  200000
 -0.293937E-03 -0.124814E-03  0.            0.           -0.117690E-02  110000
  0.            0.           -0.709359E-04 -0.192420E-04  0.            101000
  0.            0.           -0.195692E-03 -0.211091E-03  0.            100100
  0.            0.            0.            0.            0.            100010
 -0.279623E-01  0.678938E-02  0.            0.            0.262291E-02  100001
 -0.189564E-03  0.157398E-03  0.            0.           -0.402989E-02  020000
  0.            0.            0.514876E-03  0.262808E-03  0.            011000
  0.            0.           -0.296828E-04 -0.313737E-03  0.            010100
  0.            0.            0.            0.            0.            010010
 -0.971385E-01 -0.612678E-01  0.            0.           -0.118276E-01  010001
  0.422018E-04  0.809746E-04  0.            0.           -0.237027E-02  002000
  0.114741E-03  0.116664E-03  0.            0.           -0.478366E-03  001100
  0.            0.            0.            0.            0.            001010
  0.            0.           -0.142655E+00 -0.417064E-01  0.            001001
 -0.252106E-03 -0.160927E-04  0.            0.           -0.321039E-02  000200
  0.            0.            0.            0.            0.            000110
  0.            0.           -0.997531E-01 -0.961194E-01  0.            000101
  0.            0.            0.            0.            0.            000020
  0.            0.            0.            0.            0.            000011
  0.285850E+00  0.128374E+00  0.            0.           -0.105911E+01  000002
  0.382181E-05  0.176808E-06  0.            0.            0.157433E-06  300000
  0.283880E-04  0.834375E-05  0.            0.            0.411406E-05  210000
  0.            0.            0.499221E-04  0.165747E-04  0.            201000
  0.            0.            0.249819E-04  0.186238E-04  0.            200100
  0.            0.            0.            0.            0.            200010
 -0.143243E-03 -0.253790E-04  0.            0.            0.579938E-05  200001
  0.710443E-04  0.950285E-05  0.            0.            0.372695E-05  120000
  0.            0.            0.238829E-03  0.100999E-03  0.            111000
  0.            0.            0.127189E-03  0.525228E-04  0.            110100
  0.            0.            0.            0.            0.            110010
 -0.724954E-03 -0.171693E-03  0.            0.            0.793460E-04  110001
  0.604808E-04  0.710118E-05  0.            0.            0.116402E-05  102000
  0.485892E-04  0.235755E-04  0.            0.            0.178297E-04  101100
  0.            0.            0.            0.            0.            101010
  0.            0.           -0.127661E-02 -0.402098E-03  0.            101001
  0.273335E-04 -0.847743E-05  0.            0.            0.505664E-05  100200
  0.            0.            0.            0.            0.            100110
  0.            0.           -0.195416E-03 -0.712951E-04  0.            100101
  0.            0.            0.            0.            0.            100020
  0.            0.            0.            0.            0.            100011
  0.225022E-02  0.199472E-03  0.            0.           -0.153860E-03  100002
  0.107659E-03  0.616237E-04  0.            0.            0.331314E-04  030000
  0.            0.            0.333824E-03  0.118340E-03  0.            021000
  0.            0.            0.319966E-03  0.276905E-03  0.            020100
  0.            0.            0.            0.            0.            020010
 -0.106785E-02 -0.312497E-03  0.            0.            0.224074E-03  020001
  0.160028E-03  0.467505E-04  0.            0.            0.131847E-04  012000
  0.123134E-03  0.181064E-05  0.            0.            0.218502E-04  011100
  0.            0.            0.            0.            0.            011010
  0.            0.           -0.337329E-02 -0.107775E-02  0.            011001
  0.186707E-03  0.152415E-03  0.            0.            0.113133E-03  010200
  0.            0.            0.            0.            0.            010110
  0.            0.           -0.633807E-03 -0.218109E-03  0.            010101
  0.            0.            0.            0.            0.            010020
  0.            0.            0.            0.            0.            010011
  0.109943E-01  0.247936E-02  0.            0.           -0.628476E-03  010002
  0.            0.            0.135580E-03  0.437616E-04  0.            003000
  0.            0.            0.132671E-03  0.819734E-04  0.            002100
  0.            0.            0.            0.            0.            002010
 -0.899481E-03 -0.194574E-03  0.            0.            0.165188E-03  002001
  0.            0.            0.161549E-03  0.750031E-04  0.            001200
  0.            0.            0.            0.            0.            001110
 -0.350643E-03 -0.100645E-03  0.            0.            0.416085E-03  001101
  0.            0.            0.            0.            0.            001020
  0.            0.            0.            0.            0.            001011
  0.            0.            0.149609E-01  0.388180E-02  0.            001002
  0.            0.            0.157554E-03  0.148487E-03  0.            000300
  0.            0.            0.            0.            0.            000210
 -0.578853E-04 -0.259754E-04  0.            0.            0.437171E-04  000201
  0.            0.            0.            0.            0.            000120
  0.            0.            0.            0.            0.            000111
  0.            0.            0.163062E-01  0.482556E-02  0.            000102
  0.            0.            0.            0.            0.            000030
  0.            0.            0.            0.            0.            000021
  0.            0.            0.            0.            0.            000012
 -0.238482E-01 -0.625656E-02  0.            0.            0.183137E-01  000003
-------------------------------------------------------------------------------
F10-F11
 -0.493844E+00  0.233724E+00  0.            0.           -0.845486E-03  100000
 -0.320929E-01 -0.200974E+01  0.            0.           -0.138962E+01  010000
  0.            0.           -0.456140E+00 -0.128373E+00  0.            001000
  0.            0.            0.159490E+00 -0.214742E+01  0.            000100
  0.            0.            0.            0.            0.100000E+01  000010
  0.122799E+02 -0.584243E+01  0.            0.            0.428856E+02  000001
 -0.247040E-04  0.118771E-04  0.            0.           -0.173771E-03  200000
  0.169371E-03  0.122455E-03  0.            0.            0.951240E-03  110000
  0.            0.            0.312659E-04 -0.298385E-04  0.            101000
  0.            0.           -0.175964E-03 -0.186283E-03  0.            100100
  0.            0.            0.            0.            0.            100010
 -0.737478E-02 -0.910932E-02  0.            0.            0.101406E-02  100001
 -0.241156E-03 -0.226522E-03  0.            0.           -0.500300E-02  020000
  0.            0.           -0.182616E-04  0.304780E-03  0.            011000
  0.            0.           -0.491010E-03 -0.158782E-03  0.            010100
  0.            0.            0.            0.            0.            010010
  0.847532E-01 -0.106913E-01  0.            0.           -0.145415E-02  010001
 -0.351894E-04 -0.118963E-05  0.            0.           -0.194787E-03  002000
  0.263724E-05 -0.127568E-03  0.            0.           -0.593500E-04  001100
  0.            0.            0.            0.            0.            001010
  0.            0.            0.818547E-03 -0.140875E-01  0.            001001
 -0.260069E-03  0.535743E-03  0.            0.           -0.127290E-01  000200
  0.            0.            0.            0.            0.            000110
  0.            0.            0.212341E+00  0.608320E-01  0.            000101
  0.            0.            0.            0.            0.            000020
  0.            0.            0.            0.            0.            000011
  0.990520E-01  0.128374E+00  0.            0.           -0.697447E+00  000002
  0.502883E-06  0.814460E-06  0.            0.            0.271734E-06  300000
 -0.127005E-04  0.964090E-08  0.            0.            0.183521E-05  210000
  0.            0.           -0.325079E-06  0.308307E-05  0.            201000
  0.            0.           -0.347267E-04 -0.934514E-05  0.            200100
  0.            0.            0.            0.            0.            200010
 -0.532456E-04 -0.225998E-04  0.            0.            0.698524E-05  200001
  0.581514E-04  0.241989E-04  0.            0.            0.581121E-05  120000
  0.            0.           -0.204870E-04  0.695965E-05  0.            111000
  0.            0.            0.318830E-03  0.183827E-03  0.            110100
  0.            0.            0.            0.            0.            110010
  0.538650E-03  0.173796E-03  0.            0.           -0.386153E-04  110001
 -0.138658E-05  0.359024E-05  0.            0.            0.184883E-05  102000
 -0.211824E-04  0.108510E-04  0.            0.            0.757844E-05  101100
  0.            0.            0.            0.            0.            101010
  0.            0.           -0.573967E-04 -0.284242E-04  0.            101001
  0.178662E-03  0.694256E-04  0.            0.            0.737551E-05  100200
  0.            0.            0.            0.            0.            100110
  0.            0.            0.156941E-02  0.734126E-03  0.            100101
  0.            0.            0.            0.            0.            100020
  0.            0.            0.            0.            0.            100011
  0.170266E-02  0.621572E-03  0.            0.           -0.135644E-03  100002
 -0.157844E-03 -0.366802E-05  0.            0.            0.469655E-05  030000
  0.            0.            0.208657E-04  0.415369E-04  0.            021000
  0.            0.           -0.112225E-02 -0.428260E-03  0.            020100
  0.            0.            0.            0.            0.            020010
 -0.159651E-02 -0.348211E-03  0.            0.            0.103839E-03  020001
 -0.793289E-05  0.964878E-05  0.            0.            0.475276E-05  012000
  0.520676E-04  0.621111E-04  0.            0.            0.245210E-04  011100
  0.            0.            0.            0.            0.            011010
  0.            0.            0.274106E-03  0.135862E-03  0.            011001
 -0.123514E-02 -0.138136E-03  0.            0.            0.274889E-04  010200
  0.            0.            0.            0.            0.            010110
  0.            0.           -0.843338E-02 -0.387115E-02  0.            010101
  0.            0.            0.            0.            0.            010020
  0.            0.            0.            0.            0.            010011
 -0.770913E-02 -0.151718E-02  0.            0.            0.276666E-03  010002
  0.            0.           -0.157893E-05  0.259776E-05  0.            003000
  0.            0.           -0.177214E-04  0.146072E-04  0.            002100
  0.            0.            0.            0.            0.            002010
 -0.648643E-05 -0.364969E-05  0.            0.            0.890203E-05  002001
  0.            0.            0.127974E-03  0.114254E-03  0.            001200
  0.            0.            0.            0.            0.            001110
  0.343619E-03  0.114771E-03  0.            0.           -0.117343E-03  001101
  0.            0.            0.            0.            0.            001020
  0.            0.            0.            0.            0.            001011
  0.            0.            0.190870E-02  0.104845E-02  0.            001002
  0.            0.           -0.154094E-02 -0.647860E-03  0.            000300
  0.            0.            0.            0.            0.            000210
 -0.470192E-02 -0.128902E-02  0.            0.            0.409786E-03  000201
  0.            0.            0.            0.            0.            000120
  0.            0.            0.            0.            0.            000111
  0.            0.           -0.228214E-01 -0.910795E-02  0.            000102
  0.            0.            0.            0.            0.            000030
  0.            0.            0.            0.            0.            000021
  0.            0.            0.            0.            0.            000012
 -0.154419E-01 -0.625656E-02  0.            0.            0.122259E-01  000003
-------------------------------------------------------------------------------
F10-F11+1m
 -0.260120E+00  0.233724E+00  0.            0.           -0.845486E-03  100000
 -0.204183E+01 -0.200974E+01  0.            0.           -0.138962E+01  010000
  0.            0.           -0.584514E+00 -0.128373E+00  0.            001000
  0.            0.           -0.198793E+01 -0.214742E+01  0.            000100
  0.            0.            0.            0.            0.100000E+01  000010
  0.643751E+01 -0.584243E+01  0.            0.            0.463687E+02  000001
 -0.128269E-04  0.118771E-04  0.            0.           -0.189034E-03  200000
  0.291826E-03  0.122455E-03  0.            0.            0.121373E-02  110000
  0.            0.            0.142745E-05 -0.298385E-04  0.            101000
  0.            0.           -0.362247E-03 -0.186283E-03  0.            100100
  0.            0.            0.            0.            0.            100010
 -0.188213E-01 -0.910932E-02  0.            0.            0.177714E-02  100001
 -0.467678E-03 -0.226522E-03  0.            0.           -0.613156E-02  020000
  0.            0.            0.286519E-03  0.304780E-03  0.            011000
  0.            0.           -0.649792E-03 -0.158782E-03  0.            010100
  0.            0.            0.            0.            0.            010010
  0.941593E-01 -0.106913E-01  0.            0.           -0.801568E-02  010001
 -0.363791E-04 -0.118963E-05  0.            0.           -0.199391E-03  002000
 -0.124930E-03 -0.127568E-03  0.            0.           -0.213401E-03  001100
  0.            0.            0.            0.            0.            001010
  0.            0.           -0.119852E-01 -0.140875E-01  0.            001001
  0.275674E-03  0.535743E-03  0.            0.           -0.140175E-01  000200
  0.            0.            0.            0.            0.            000110
  0.            0.            0.294647E+00  0.608320E-01  0.            000101
  0.            0.            0.            0.            0.            000020
  0.            0.            0.            0.            0.            000011
  0.285850E+00  0.128374E+00  0.            0.           -0.759230E+00  000002
  0.132373E-05  0.814460E-06  0.            0.            0.270182E-06  300000
 -0.128555E-04  0.964090E-08  0.            0.            0.183256E-05  210000
  0.            0.            0.275449E-05  0.308307E-05  0.            201000
  0.            0.           -0.441305E-04 -0.934514E-05  0.            200100
  0.            0.            0.            0.            0.            200010
 -0.764429E-04 -0.225998E-04  0.            0.            0.861418E-05  200001
  0.837664E-04  0.241989E-04  0.            0.            0.597833E-05  120000
  0.            0.           -0.134670E-04  0.695965E-05  0.            111000
  0.            0.            0.503665E-03  0.183827E-03  0.            110100
  0.            0.            0.            0.            0.            110010
  0.719454E-03  0.173796E-03  0.            0.           -0.539355E-04  110001
  0.220558E-05  0.359024E-05  0.            0.            0.184684E-05  102000
 -0.102669E-04  0.108510E-04  0.            0.            0.754593E-05  101100
  0.            0.            0.            0.            0.            101010
  0.            0.           -0.853473E-04 -0.284242E-04  0.            101001
  0.248626E-03  0.694256E-04  0.            0.            0.708199E-05  100200
  0.            0.            0.            0.            0.            100110
  0.            0.            0.230833E-02  0.734126E-03  0.            100101
  0.            0.            0.            0.            0.            100020
  0.            0.            0.            0.            0.            100011
  0.245795E-02  0.621572E-03  0.            0.           -0.202169E-03  100002
 -0.165571E-03 -0.366802E-05  0.            0.            0.444215E-05  030000
  0.            0.            0.621434E-04  0.415369E-04  0.            021000
  0.            0.           -0.155485E-02 -0.428260E-03  0.            020100
  0.            0.            0.            0.            0.            020010
 -0.197785E-02 -0.348211E-03  0.            0.            0.120698E-03  020001
  0.169932E-05  0.964878E-05  0.            0.            0.477329E-05  012000
  0.113625E-03  0.621111E-04  0.            0.            0.247321E-04  011100
  0.            0.            0.            0.            0.            011010
  0.            0.            0.405413E-03  0.135862E-03  0.            011001
 -0.137791E-02 -0.138136E-03  0.            0.            0.279001E-04  010200
  0.            0.            0.            0.            0.            010110
  0.            0.           -0.123282E-01 -0.387115E-02  0.            010101
  0.            0.            0.            0.            0.            010020
  0.            0.            0.            0.            0.            010011
 -0.948591E-02 -0.151718E-02  0.            0.            0.558063E-03  010002
  0.            0.            0.101777E-05  0.259776E-05  0.            003000
  0.            0.           -0.316726E-05  0.146072E-04  0.            002100
  0.            0.            0.            0.            0.            002010
 -0.101724E-04 -0.364969E-05  0.            0.            0.800833E-05  002001
  0.            0.            0.241340E-03  0.114254E-03  0.            001200
  0.            0.            0.            0.            0.            001110
  0.458055E-03  0.114771E-03  0.            0.           -0.126260E-03  001101
  0.            0.            0.            0.            0.            001020
  0.            0.            0.            0.            0.            001011
  0.            0.            0.307899E-02  0.104845E-02  0.            001002
  0.            0.           -0.219375E-02 -0.647860E-03  0.            000300
  0.            0.            0.            0.            0.            000210
 -0.600976E-02 -0.128902E-02  0.            0.            0.518335E-03  000201
  0.            0.            0.            0.            0.            000120
  0.            0.            0.            0.            0.            000111
  0.            0.           -0.328560E-01 -0.910795E-02  0.            000102
  0.            0.            0.            0.            0.            000030
  0.            0.            0.            0.            0.            000021
  0.            0.            0.            0.            0.            000012
 -0.238482E-01 -0.625656E-02  0.            0.            0.137004E-01  000003
-------------------------------------------------------------------------------
