Ref. Par.:   286   90
Brho89: 5.2632 Tm
Brho9M: 5.1400 Tm
BrhoMT: 5.1400 Tm
BrhoTE: 5.2223 Tm
                                      unit: mm,mrad,dp/p(%)
F8-F9
 -0.199546E+01  0.236714E+00  0.            0.           -0.310736E+00  100000
 -0.212587E-02 -0.500886E+00  0.            0.            0.660619E+00  010000
  0.            0.           -0.233298E+01 -0.119974E+00  0.            001000
  0.            0.           -0.256099E+00 -0.441806E+00  0.            000100
  0.            0.            0.            0.            0.100000E+01  000010
 -0.248277E+02  0.138244E-01  0.            0.            0.511228E+02  000001
  0.697416E-04  0.380517E-04  0.            0.           -0.552542E-03  200000
  0.223118E-03 -0.613986E-04  0.            0.            0.286313E-03  110000
  0.            0.           -0.427463E-03  0.108490E-04  0.            101000
  0.            0.           -0.503621E-03  0.562426E-04  0.            100100
  0.            0.            0.            0.            0.            100010
 -0.775948E-02 -0.855670E-02  0.            0.            0.218563E-02  100001
  0.117370E-03 -0.419586E-04  0.            0.           -0.113192E-02  020000
  0.            0.            0.776980E-04 -0.165799E-03  0.            011000
  0.            0.            0.240406E-03 -0.205514E-04  0.            010100
  0.            0.            0.            0.            0.            010010
  0.891976E-01 -0.864256E-02  0.            0.           -0.270058E-03  010001
  0.395310E-03 -0.277018E-04  0.            0.           -0.114957E-02  002000
  0.153635E-03  0.778100E-04  0.            0.           -0.163792E-02  001100
  0.            0.            0.            0.            0.            001010
  0.            0.            0.559878E-01 -0.162573E-01  0.            001001
  0.111475E-03  0.461376E-04  0.            0.           -0.255030E-02  000200
  0.            0.            0.            0.            0.            000110
  0.            0.            0.211252E+00 -0.152358E-02  0.            000101
  0.            0.            0.            0.            0.            000020
  0.            0.            0.            0.            0.            000011
  0.217747E+00 -0.687798E-01  0.            0.           -0.804590E+00  000002
  0.734584E-05  0.372210E-05  0.            0.           -0.511735E-06  300000
 -0.231662E-04 -0.278449E-05  0.            0.           -0.245555E-05  210000
  0.            0.            0.293698E-04  0.199319E-04  0.            201000
  0.            0.           -0.428023E-04 -0.558298E-05  0.            200100
  0.            0.            0.            0.            0.            200010
  0.236117E-03  0.962904E-04  0.            0.            0.158328E-04  200001
 -0.271207E-05  0.612636E-05  0.            0.           -0.462167E-05  120000
  0.            0.           -0.893766E-04 -0.188103E-04  0.            111000
  0.            0.           -0.680764E-04  0.113286E-04  0.            110100
  0.            0.            0.            0.            0.            110010
 -0.261956E-03 -0.900675E-04  0.            0.            0.129647E-04  110001
  0.332109E-04  0.175808E-04  0.            0.           -0.361031E-05  102000
 -0.691113E-04  0.299520E-06  0.            0.           -0.140857E-04  101100
  0.            0.            0.            0.            0.            101010
  0.            0.            0.782166E-03  0.356179E-03  0.            101001
 -0.329032E-04  0.126623E-04  0.            0.           -0.140870E-04  100200
  0.            0.            0.            0.            0.            100110
  0.            0.           -0.265557E-03 -0.125542E-03  0.            100101
  0.            0.            0.            0.            0.            100020
  0.            0.            0.            0.            0.            100011
  0.282923E-02  0.100032E-02  0.            0.            0.288827E-04  100002
 -0.398057E-04  0.495037E-05  0.            0.           -0.721121E-05  030000
  0.            0.           -0.106291E-03  0.112626E-04  0.            021000
  0.            0.           -0.279166E-03  0.702542E-05  0.            020100
  0.            0.            0.            0.            0.            020010
  0.694262E-04  0.261490E-04  0.            0.            0.261367E-04  020001
 -0.779662E-04  0.966283E-06  0.            0.           -0.108538E-04  012000
 -0.198990E-03  0.409963E-04  0.            0.           -0.467588E-04  011100
  0.            0.            0.            0.            0.            011010
  0.            0.           -0.380293E-03 -0.172444E-03  0.            011001
 -0.249709E-03  0.378931E-04  0.            0.           -0.511127E-04  010200
  0.            0.            0.            0.            0.            010110
  0.            0.            0.171635E-03  0.780587E-04  0.            010101
  0.            0.            0.            0.            0.            010020
  0.            0.            0.            0.            0.            010011
 -0.228468E-02 -0.219892E-04  0.            0.            0.615730E-04  010002
  0.            0.           -0.215010E-05  0.133115E-04  0.            003000
  0.            0.           -0.223014E-03 -0.583326E-05  0.            002100
  0.            0.            0.            0.            0.            002010
  0.346783E-03  0.146954E-03  0.            0.            0.885952E-04  002001
  0.            0.           -0.407404E-03  0.206602E-04  0.            001200
  0.            0.            0.            0.            0.            001110
 -0.333841E-03 -0.883275E-04  0.            0.            0.185200E-03  001101
  0.            0.            0.            0.            0.            001020
  0.            0.            0.            0.            0.            001011
  0.            0.            0.381946E-02  0.245909E-02  0.            001002
  0.            0.           -0.313502E-03  0.103509E-04  0.            000300
  0.            0.            0.            0.            0.            000210
  0.416911E-04  0.139099E-04  0.            0.            0.985743E-04  000201
  0.            0.            0.            0.            0.            000120
  0.            0.            0.            0.            0.            000111
  0.            0.           -0.446669E-02  0.752472E-03  0.            000102
  0.            0.            0.            0.            0.            000030
  0.            0.            0.            0.            0.            000021
  0.            0.            0.            0.            0.            000012
  0.529251E-02  0.441901E-02  0.            0.            0.136984E-01  000003
-------------------------------------------------------------------------------
F8-F9.5
  0.891893E+00  0.532095E+00  0.            0.           -0.310736E+00  100000
 -0.187544E+01  0.234223E-02  0.            0.            0.660619E+00  010000
  0.            0.           -0.206049E+00  0.962031E+00  0.            001000
  0.            0.           -0.106542E+01  0.121183E+00  0.            000100
  0.            0.            0.            0.            0.100000E+01  000010
  0.121431E+00  0.664680E+01  0.            0.            0.750125E+02  000001
  0.142280E-03 -0.187609E-04  0.            0.           -0.103452E-02  200000
 -0.230516E-03 -0.593712E-04  0.            0.            0.661804E-03  110000
  0.            0.            0.421200E-04  0.175076E-03  0.            101000
  0.            0.            0.155357E-03  0.204688E-03  0.            100100
  0.            0.            0.            0.            0.            100010
 -0.598890E-01  0.592053E-02  0.            0.           -0.762404E-02  100001
 -0.157432E-03 -0.311978E-04  0.            0.           -0.146660E-02  020000
  0.            0.           -0.406222E-03 -0.258688E-04  0.            011000
  0.            0.           -0.588426E-04 -0.979380E-04  0.            010100
  0.            0.            0.            0.            0.            010010
 -0.306649E-01 -0.305866E-01  0.            0.            0.485287E-03  010001
 -0.104827E-03 -0.105479E-03  0.            0.           -0.300649E-02  002000
  0.290911E-03 -0.413075E-04  0.            0.           -0.318038E-02  001100
  0.            0.            0.            0.            0.            001010
  0.            0.           -0.110380E+00 -0.419545E-01  0.            001001
  0.172439E-03 -0.299354E-04  0.            0.           -0.302588E-02  000200
  0.            0.            0.            0.            0.            000110
  0.            0.           -0.388186E-01 -0.100611E+00  0.            000101
  0.            0.            0.            0.            0.            000020
  0.            0.            0.            0.            0.            000011
 -0.594013E+00 -0.501666E-01  0.            0.           -0.122394E+01  000002
  0.172153E-04 -0.157035E-05  0.            0.           -0.512849E-06  300000
 -0.403920E-05  0.738950E-05  0.            0.           -0.227274E-05  210000
  0.            0.            0.715242E-04 -0.403310E-05  0.            201000
  0.            0.           -0.236719E-06  0.222264E-04  0.            200100
  0.            0.            0.            0.            0.            200010
  0.521986E-03 -0.409370E-04  0.            0.            0.319654E-04  200001
  0.292991E-04  0.196836E-05  0.            0.           -0.463257E-05  120000
  0.            0.           -0.275435E-05  0.523748E-04  0.            111000
  0.            0.            0.500456E-04  0.351817E-04  0.            110100
  0.            0.            0.            0.            0.            110010
 -0.101948E-03  0.114131E-03  0.            0.            0.362114E-04  110001
  0.131040E-03  0.199801E-05  0.            0.           -0.402732E-05  102000
  0.657815E-04  0.294657E-04  0.            0.           -0.148906E-04  101100
  0.            0.            0.            0.            0.            101010
  0.            0.            0.166281E-02 -0.314523E-04  0.            101001
  0.637905E-04  0.115404E-04  0.            0.           -0.142609E-04  100200
  0.            0.            0.            0.            0.            100110
  0.            0.            0.103230E-03  0.267739E-03  0.            100101
  0.            0.            0.            0.            0.            100020
  0.            0.            0.            0.            0.            100011
  0.665627E-02 -0.559899E-03  0.            0.            0.404153E-03  100002
  0.232020E-04  0.124384E-04  0.            0.           -0.727077E-05  030000
  0.            0.            0.753429E-04  0.609655E-04  0.            021000
  0.            0.            0.504996E-04  0.123953E-03  0.            020100
  0.            0.            0.            0.            0.            020010
  0.259025E-03  0.285989E-04  0.            0.            0.218998E-04  020001
  0.836085E-04  0.452560E-04  0.            0.           -0.112284E-04  012000
  0.236300E-03  0.787467E-04  0.            0.           -0.466222E-04  011100
  0.            0.            0.            0.            0.            011010
  0.            0.            0.599462E-03  0.553923E-03  0.            011001
  0.164127E-03  0.734858E-04  0.            0.           -0.509554E-04  010200
  0.            0.            0.            0.            0.            010110
  0.            0.            0.710005E-03  0.135735E-03  0.            010101
  0.            0.            0.            0.            0.            010020
  0.            0.            0.            0.            0.            010011
  0.371791E-02  0.112053E-02  0.            0.            0.403830E-03  010002
  0.            0.            0.150518E-03  0.462292E-04  0.            003000
  0.            0.            0.175594E-03  0.163187E-03  0.            002100
  0.            0.            0.            0.            0.            002010
  0.183787E-02  0.185682E-03  0.            0.            0.212181E-03  002001
  0.            0.            0.159242E-03  0.203782E-03  0.            001200
  0.            0.            0.            0.            0.            001110
  0.957046E-03  0.378896E-03  0.            0.            0.572206E-03  001101
  0.            0.            0.            0.            0.            001020
  0.            0.            0.            0.            0.            001011
  0.            0.            0.163560E-01  0.168648E-02  0.            001002
  0.            0.            0.530274E-04  0.134865E-03  0.            000300
  0.            0.            0.            0.            0.            000210
  0.382789E-03  0.648823E-04  0.            0.            0.238610E-03  000201
  0.            0.            0.            0.            0.            000120
  0.            0.            0.            0.            0.            000111
  0.            0.            0.126834E-01  0.511454E-02  0.            000102
  0.            0.            0.            0.            0.            000030
  0.            0.            0.            0.            0.            000021
  0.            0.            0.            0.            0.            000012
  0.403054E-01 -0.239533E-03  0.            0.            0.222652E-01  000003
-------------------------------------------------------------------------------
F8-F10
  0.198777E+01 -0.241517E+00  0.            0.           -0.310736E+00  100000
  0.142654E-01  0.501342E+00  0.            0.            0.660619E+00  010000
  0.            0.            0.234948E+01  0.506635E-01  0.            001000
  0.            0.            0.334027E+00  0.432828E+00  0.            000100
  0.            0.            0.            0.            0.100000E+01  000010
  0.248631E+02 -0.710599E-01  0.            0.            0.987786E+02  000001
 -0.705959E-04 -0.379265E-04  0.            0.           -0.146002E-02  200000
 -0.221412E-03  0.619679E-04  0.            0.            0.917976E-03  110000
  0.            0.            0.424657E-03 -0.234435E-04  0.            101000
  0.            0.            0.492597E-03 -0.709422E-04  0.            100100
  0.            0.            0.            0.            0.            100010
  0.321605E-01  0.228588E-01  0.            0.           -0.167303E-01  100001
 -0.116239E-03  0.422670E-04  0.            0.           -0.180169E-02  020000
  0.            0.           -0.480955E-04  0.167565E-03  0.            011000
  0.            0.           -0.236262E-03  0.275884E-04  0.            010100
  0.            0.            0.            0.            0.            010010
 -0.139531E+00  0.900597E-02  0.            0.           -0.250921E-03  010001
 -0.394253E-03  0.286357E-04  0.            0.           -0.448565E-02  002000
 -0.155372E-03 -0.775286E-04  0.            0.           -0.272578E-02  001100
  0.            0.            0.            0.            0.            001010
  0.            0.           -0.592883E-01  0.713576E-01  0.            001001
 -0.112484E-03 -0.459239E-04  0.            0.           -0.325576E-02  000200
  0.            0.            0.            0.            0.            000110
  0.            0.           -0.266752E+00  0.153150E-01  0.            000101
  0.            0.            0.            0.            0.            000020
  0.            0.            0.            0.            0.            000011
 -0.211077E+00  0.248591E+00  0.            0.           -0.163935E+01  000002
 -0.218077E-04 -0.961335E-05  0.            0.           -0.506871E-06  300000
  0.593560E-04  0.909463E-05  0.            0.           -0.210664E-05  210000
  0.            0.           -0.953367E-04 -0.632876E-04  0.            201000
  0.            0.            0.826467E-04  0.103556E-04  0.            200100
  0.            0.            0.            0.            0.            200010
 -0.560777E-03 -0.280104E-03  0.            0.            0.453290E-04  200001
 -0.166120E-04 -0.128793E-04  0.            0.           -0.464351E-05  120000
  0.            0.            0.229797E-03  0.401340E-04  0.            111000
  0.            0.            0.472931E-04 -0.355771E-04  0.            110100
  0.            0.            0.            0.            0.            110010
  0.934618E-03  0.167708E-03  0.            0.            0.520490E-04  110001
 -0.842319E-04 -0.621226E-04  0.            0.           -0.447031E-05  102000
  0.171532E-03 -0.583145E-06  0.            0.           -0.155400E-04  101100
  0.            0.            0.            0.            0.            101010
  0.            0.           -0.159584E-02 -0.128636E-02  0.            101001
  0.317320E-04 -0.201102E-04  0.            0.           -0.140480E-04  100200
  0.            0.            0.            0.            0.            100110
  0.            0.            0.115884E-02  0.149161E-03  0.            100101
  0.            0.            0.            0.            0.            100020
  0.            0.            0.            0.            0.            100011
 -0.688677E-02 -0.309144E-02  0.            0.            0.693222E-03  100002
  0.531791E-04 -0.509484E-05  0.            0.           -0.732334E-05  030000
  0.            0.            0.108789E-03 -0.475112E-04  0.            021000
  0.            0.            0.313590E-03 -0.200503E-04  0.            020100
  0.            0.            0.            0.            0.            020010
 -0.753698E-04 -0.111796E-03  0.            0.            0.243205E-04  020001
  0.233486E-03 -0.760556E-05  0.            0.           -0.108462E-04  012000
  0.249199E-03 -0.735877E-04  0.            0.           -0.463658E-04  011100
  0.            0.            0.            0.            0.            011010
  0.            0.            0.215598E-02  0.707228E-04  0.            011001
  0.282923E-03 -0.425215E-04  0.            0.           -0.509763E-04  010200
  0.            0.            0.            0.            0.            010110
  0.            0.            0.362864E-05 -0.412237E-03  0.            010101
  0.            0.            0.            0.            0.            010020
  0.            0.            0.            0.            0.            010011
  0.636769E-02 -0.809207E-03  0.            0.            0.724007E-03  010002
  0.            0.            0.373264E-04 -0.918325E-04  0.            003000
  0.            0.            0.461564E-03 -0.498735E-04  0.            002100
  0.            0.            0.            0.            0.            002010
 -0.723345E-04 -0.743362E-03  0.            0.            0.499669E-03  002001
  0.            0.            0.465847E-03 -0.820939E-04  0.            001200
  0.            0.            0.            0.            0.            001110
  0.192334E-02 -0.103021E-03  0.            0.            0.818658E-03  001101
  0.            0.            0.            0.            0.            001020
  0.            0.            0.            0.            0.            001011
  0.            0.           -0.969077E-02 -0.120125E-01  0.            001002
  0.            0.            0.329335E-03 -0.253948E-04  0.            000300
  0.            0.            0.            0.            0.            000210
  0.153730E-03 -0.130000E-03  0.            0.            0.169813E-03  000201
  0.            0.            0.            0.            0.            000120
  0.            0.            0.            0.            0.            000111
  0.            0.            0.892594E-02 -0.744531E-02  0.            000102
  0.            0.            0.            0.            0.            000030
  0.            0.            0.            0.            0.            000021
  0.            0.            0.            0.            0.            000012
 -0.219148E-01 -0.168018E-01  0.            0.            0.302643E-01  000003
-------------------------------------------------------------------------------
F8-F11
 -0.995856E+00  0.945793E+00  0.            0.            0.801939E-02  100000
 -0.705715E-02 -0.997459E+00  0.            0.           -0.146165E-02  010000
  0.            0.           -0.105140E+01 -0.396166E+00  0.            001000
  0.            0.           -0.261350E+00 -0.104959E+01  0.            000100
  0.            0.            0.            0.            0.100000E+01  000010
  0.284892E-01  0.124655E+00  0.            0.            0.149971E+03  000001
 -0.159266E-03  0.340527E-04  0.            0.           -0.278119E-02  200000
  0.335689E-03  0.713859E-06  0.            0.            0.287986E-02  110000
  0.            0.           -0.110124E-03 -0.360729E-03  0.            101000
  0.            0.           -0.304400E-03 -0.944311E-04  0.            100100
  0.            0.            0.            0.            0.            100010
 -0.548125E-01 -0.532147E-01  0.            0.           -0.672004E-01  100001
 -0.919046E-06 -0.167240E-03  0.            0.           -0.304471E-02  020000
  0.            0.            0.147755E-04  0.338700E-05  0.            011000
  0.            0.            0.178534E-07 -0.139014E-04  0.            010100
  0.            0.            0.            0.            0.            010010
  0.114622E+00 -0.543358E-01  0.            0.           -0.222886E-03  010001
 -0.428258E-07 -0.168479E-03  0.            0.           -0.558630E-02  002000
  0.147127E-04  0.742366E-05  0.            0.           -0.349008E-02  001100
  0.            0.            0.            0.            0.            001010
  0.            0.            0.141212E-01 -0.194868E+00  0.            001001
  0.285858E-05  0.145306E-03  0.            0.           -0.559084E-02  000200
  0.            0.            0.            0.            0.            000110
  0.            0.            0.204312E+00  0.144483E-01  0.            000101
  0.            0.            0.            0.            0.            000020
  0.            0.            0.            0.            0.            000011
 -0.102805E-01 -0.628558E+00  0.            0.           -0.285991E+01  000002
  0.365355E-04  0.234878E-04  0.            0.            0.130407E-04  300000
 -0.978581E-04 -0.163681E-04  0.            0.           -0.123110E-04  210000
  0.            0.            0.683072E-04  0.179909E-03  0.            201000
  0.            0.           -0.190046E-03 -0.951725E-04  0.            200100
  0.            0.            0.            0.            0.            200010
  0.265839E-03  0.520115E-03  0.            0.            0.573780E-03  200001
  0.666915E-04  0.346144E-04  0.            0.            0.142245E-04  120000
  0.            0.           -0.140595E-03 -0.112551E-03  0.            111000
  0.            0.            0.238171E-03  0.202119E-03  0.            110100
  0.            0.            0.            0.            0.            110010
 -0.515435E-03 -0.819976E-05  0.            0.           -0.110111E-03  110001
  0.323917E-04  0.132061E-03  0.            0.            0.920597E-04  102000
 -0.118013E-03  0.624216E-04  0.            0.           -0.206925E-05  101100
  0.            0.            0.            0.            0.            101010
  0.            0.            0.903770E-03  0.364794E-02  0.            101001
  0.993556E-04  0.809160E-04  0.            0.            0.160521E-04  100200
  0.            0.            0.            0.            0.            100110
  0.            0.           -0.684957E-03 -0.242625E-03  0.            100101
  0.            0.            0.            0.            0.            100020
  0.            0.            0.            0.            0.            100011
  0.587287E-02  0.549736E-02  0.            0.            0.755584E-02  100002
 -0.467227E-04  0.221518E-04  0.            0.           -0.269925E-06  030000
  0.            0.           -0.328787E-04  0.119610E-03  0.            021000
  0.            0.           -0.251376E-03 -0.321644E-04  0.            020100
  0.            0.            0.            0.            0.            020010
 -0.198717E-05  0.259947E-03  0.            0.            0.129220E-03  020001
 -0.138430E-03  0.999681E-04  0.            0.            0.127995E-04  012000
 -0.130164E-03  0.242268E-03  0.            0.            0.659250E-04  011100
  0.            0.            0.            0.            0.            011010
  0.            0.           -0.115513E-02  0.191624E-04  0.            011001
 -0.255073E-03  0.143312E-03  0.            0.            0.950421E-05  010200
  0.            0.            0.            0.            0.            010110
  0.            0.            0.492871E-04  0.117584E-02  0.            010101
  0.            0.            0.            0.            0.            010020
  0.            0.            0.            0.            0.            010011
 -0.239148E-02  0.554351E-02  0.            0.            0.193450E-02  010002
  0.            0.           -0.784918E-05  0.252880E-03  0.            003000
  0.            0.           -0.220558E-03  0.128983E-03  0.            002100
  0.            0.            0.            0.            0.            002010
 -0.204776E-03  0.196302E-02  0.            0.            0.173801E-02  002001
  0.            0.           -0.171777E-03  0.187516E-03  0.            001200
  0.            0.            0.            0.            0.            001110
 -0.121300E-02  0.122963E-02  0.            0.            0.557950E-03  001101
  0.            0.            0.            0.            0.            001020
  0.            0.            0.            0.            0.            001011
  0.            0.            0.241544E-01  0.401635E-01  0.            001002
  0.            0.           -0.255165E-03 -0.234470E-04  0.            000300
  0.            0.            0.            0.            0.            000210
 -0.143103E-03  0.464663E-03  0.            0.            0.334627E-03  000201
  0.            0.            0.            0.            0.            000120
  0.            0.            0.            0.            0.            000111
  0.            0.           -0.187918E-04  0.239253E-01  0.            000102
  0.            0.            0.            0.            0.            000030
  0.            0.            0.            0.            0.            000021
  0.            0.            0.            0.            0.            000012
  0.367517E-01  0.356338E-01  0.            0.            0.791916E-01  000003
-------------------------------------------------------------------------------
F8-F11+1m
 -0.500631E-01  0.945793E+00  0.            0.            0.801939E-02  100000
 -0.100452E+01 -0.997459E+00  0.            0.           -0.146165E-02  010000
  0.            0.           -0.144757E+01 -0.396166E+00  0.            001000
  0.            0.           -0.131094E+01 -0.104959E+01  0.            000100
  0.            0.            0.            0.            0.100000E+01  000010
  0.153144E+00  0.124655E+00  0.            0.            0.154118E+03  000001
 -0.125213E-03  0.340527E-04  0.            0.           -0.301860E-02  200000
  0.336403E-03  0.713859E-06  0.            0.            0.338061E-02  110000
  0.            0.           -0.470853E-03 -0.360729E-03  0.            101000
  0.            0.           -0.398831E-03 -0.944311E-04  0.            100100
  0.            0.            0.            0.            0.            100010
 -0.117485E+00 -0.532147E-01  0.            0.           -0.672629E-01  100001
 -0.168159E-03 -0.167240E-03  0.            0.           -0.330876E-02  020000
  0.            0.            0.181625E-04  0.338700E-05  0.            011000
  0.            0.           -0.138836E-04 -0.139014E-04  0.            010100
  0.            0.            0.            0.            0.            010010
  0.702604E-01 -0.543358E-01  0.            0.           -0.156889E-03  010001
 -0.168522E-03 -0.168479E-03  0.            0.           -0.562795E-02  002000
  0.221364E-04  0.742366E-05  0.            0.           -0.371079E-02  001100
  0.            0.            0.            0.            0.            001010
  0.            0.           -0.176786E+00 -0.194868E+00  0.            001001
  0.148165E-03  0.145306E-03  0.            0.           -0.588321E-02  000200
  0.            0.            0.            0.            0.            000110
  0.            0.            0.229256E+00  0.144483E-01  0.            000101
  0.            0.            0.            0.            0.            000020
  0.            0.            0.            0.            0.            000011
 -0.640085E+00 -0.628558E+00  0.            0.           -0.292213E+01  000002
  0.604463E-04  0.234878E-04  0.            0.            0.130236E-04  300000
 -0.115565E-03 -0.163681E-04  0.            0.           -0.122934E-04  210000
  0.            0.            0.248039E-03  0.179909E-03  0.            201000
  0.            0.           -0.285688E-03 -0.951725E-04  0.            200100
  0.            0.            0.            0.            0.            200010
  0.785780E-03  0.520115E-03  0.            0.            0.607096E-03  200001
  0.102717E-03  0.346144E-04  0.            0.            0.143088E-04  120000
  0.            0.           -0.252772E-03 -0.112551E-03  0.            111000
  0.            0.            0.441280E-03  0.202119E-03  0.            110100
  0.            0.            0.            0.            0.            110010
 -0.523994E-03 -0.819976E-05  0.            0.           -0.124935E-03  110001
  0.164527E-03  0.132061E-03  0.            0.            0.920684E-04  102000
 -0.551983E-04  0.624216E-04  0.            0.           -0.229380E-05  101100
  0.            0.            0.            0.            0.            101010
  0.            0.            0.455527E-02  0.364794E-02  0.            101001
  0.180793E-03  0.809160E-04  0.            0.            0.159265E-04  100200
  0.            0.            0.            0.            0.            100110
  0.            0.           -0.926762E-03 -0.242625E-03  0.            100101
  0.            0.            0.            0.            0.            100020
  0.            0.            0.            0.            0.            100011
  0.120339E-01  0.549736E-02  0.            0.            0.787665E-02  100002
 -0.250671E-04  0.221518E-04  0.            0.           -0.358469E-06  030000
  0.            0.            0.865346E-04  0.119610E-03  0.            021000
  0.            0.           -0.284063E-03 -0.321644E-04  0.            020100
  0.            0.            0.            0.            0.            020010
  0.259819E-03  0.259947E-03  0.            0.            0.107807E-03  020001
 -0.385404E-04  0.999681E-04  0.            0.            0.127111E-04  012000
  0.111689E-03  0.242268E-03  0.            0.            0.659279E-04  011100
  0.            0.            0.            0.            0.            011010
  0.            0.           -0.113596E-02  0.191624E-04  0.            011001
 -0.112310E-03  0.143312E-03  0.            0.            0.957340E-05  010200
  0.            0.            0.            0.            0.            010110
  0.            0.            0.122540E-02  0.117584E-02  0.            010101
  0.            0.            0.            0.            0.            010020
  0.            0.            0.            0.            0.            010011
  0.355665E-02  0.554351E-02  0.            0.            0.160347E-02  010002
  0.            0.            0.245000E-03  0.252880E-03  0.            003000
  0.            0.           -0.918220E-04  0.128983E-03  0.            002100
  0.            0.            0.            0.            0.            002010
  0.175994E-02  0.196302E-02  0.            0.            0.169820E-02  002001
  0.            0.            0.150840E-04  0.187516E-03  0.            001200
  0.            0.            0.            0.            0.            001110
  0.166081E-04  0.122963E-02  0.            0.            0.458562E-03  001101
  0.            0.            0.            0.            0.            001020
  0.            0.            0.            0.            0.            001011
  0.            0.            0.662115E-01  0.401635E-01  0.            001002
  0.            0.           -0.279190E-03 -0.234470E-04  0.            000300
  0.            0.            0.            0.            0.            000210
  0.320176E-03  0.464663E-03  0.            0.            0.350799E-03  000201
  0.            0.            0.            0.            0.            000120
  0.            0.            0.            0.            0.            000111
  0.            0.            0.236160E-01  0.239253E-01  0.            000102
  0.            0.            0.            0.            0.            000030
  0.            0.            0.            0.            0.            000021
  0.            0.            0.            0.            0.            000012
  0.786884E-01  0.356338E-01  0.            0.            0.802249E-01  000003
-------------------------------------------------------------------------------
F9-F9.5
 -0.279431E-02 -0.267073E+00  0.            0.            0.            100000
  0.374426E+01 -0.354267E-02  0.            0.            0.            010000
  0.            0.           -0.367894E-01 -0.410492E+00  0.            001000
  0.            0.            0.243284E+01 -0.363432E-01  0.            000100
  0.            0.            0.            0.            0.100000E+01  000010
  0.            0.            0.            0.            0.237661E+02  000001
  0.            0.            0.            0.           -0.951550E-04  200000
  0.            0.            0.            0.            0.599672E-04  110000
  0.            0.            0.            0.            0.            101000
  0.            0.            0.            0.            0.            100100
  0.            0.            0.            0.            0.            100010
  0.134431E-01 -0.314939E-03  0.            0.            0.            100001
  0.            0.            0.            0.           -0.133423E-02  020000
  0.            0.            0.            0.            0.            011000
  0.            0.            0.            0.            0.            010100
  0.            0.            0.            0.            0.            010010
 -0.409625E-02  0.134523E-01  0.            0.            0.            010001
  0.            0.            0.            0.           -0.287544E-03  002000
  0.            0.            0.            0.           -0.950814E-03  001100
  0.            0.            0.            0.            0.            001010
  0.            0.            0.270612E-01  0.697063E-02  0.            001001
  0.            0.            0.            0.           -0.178867E-02  000200
  0.            0.            0.            0.            0.            000110
  0.            0.            0.461334E-01  0.270581E-01  0.            000101
  0.            0.            0.            0.            0.            000020
  0.            0.            0.            0.            0.            000011
  0.            0.            0.            0.           -0.356491E+00  000002
 -0.102878E-05 -0.181413E-06  0.            0.            0.            300000
 -0.768984E-05 -0.180671E-05  0.            0.            0.            210000
  0.            0.           -0.504948E-05 -0.188725E-05  0.            201000
  0.            0.           -0.120540E-04 -0.470687E-05  0.            200100
  0.            0.            0.            0.            0.            200010
  0.            0.            0.            0.            0.264282E-05  200001
 -0.255117E-04 -0.767704E-05  0.            0.            0.            120000
  0.            0.           -0.308722E-04 -0.120138E-04  0.            111000
  0.            0.           -0.767011E-04 -0.308652E-04  0.            110100
  0.            0.            0.            0.            0.            110010
  0.            0.            0.            0.            0.338888E-06  110001
 -0.751811E-05 -0.162616E-05  0.            0.            0.            102000
 -0.358418E-04 -0.807175E-05  0.            0.            0.            101100
  0.            0.            0.            0.            0.            101010
  0.            0.            0.            0.            0.            101001
 -0.446249E-04 -0.103574E-04  0.            0.            0.            100200
  0.            0.            0.            0.            0.            100110
  0.            0.            0.            0.            0.            100101
  0.            0.            0.            0.            0.            100020
  0.            0.            0.            0.            0.            100011
 -0.186485E-03  0.232992E-04  0.            0.            0.            100002
 -0.361407E-04 -0.144891E-04  0.            0.            0.            030000
  0.            0.           -0.663448E-04 -0.265970E-04  0.            021000
  0.            0.           -0.169882E-03 -0.711507E-04  0.            020100
  0.            0.            0.            0.            0.            020010
  0.            0.            0.            0.            0.370976E-04  020001
 -0.229710E-04 -0.699048E-05  0.            0.            0.            012000
 -0.114012E-03 -0.357431E-04  0.            0.            0.            011100
  0.            0.            0.            0.            0.            011010
  0.            0.            0.            0.            0.            011001
 -0.146298E-03 -0.477409E-04  0.            0.            0.            010200
  0.            0.            0.            0.            0.            010110
  0.            0.            0.            0.            0.            010101
  0.            0.            0.            0.            0.            010020
  0.            0.            0.            0.            0.            010011
 -0.350069E-03 -0.186631E-03  0.            0.            0.            010002
  0.            0.           -0.649790E-05 -0.250541E-05  0.            003000
  0.            0.           -0.479650E-04 -0.188923E-04  0.            002100
  0.            0.            0.            0.            0.            002010
  0.            0.            0.            0.            0.122784E-04  002001
  0.            0.           -0.120508E-03 -0.479107E-04  0.            001200
  0.            0.            0.            0.            0.            001110
  0.            0.            0.            0.            0.534314E-04  001101
  0.            0.            0.            0.            0.            001020
  0.            0.            0.            0.            0.            001011
  0.            0.           -0.574668E-03 -0.114237E-03  0.            001002
  0.            0.           -0.101913E-03 -0.413561E-04  0.            000300
  0.            0.            0.            0.            0.            000210
  0.            0.            0.            0.            0.775133E-04  000201
  0.            0.            0.            0.            0.            000120
  0.            0.            0.            0.            0.            000111
  0.            0.           -0.177979E-02 -0.574637E-03  0.            000102
  0.            0.            0.            0.            0.            000030
  0.            0.            0.            0.            0.            000021
  0.            0.            0.            0.            0.            000012
  0.            0.            0.            0.            0.568815E-02  000003
-------------------------------------------------------------------------------
F9-F10
 -0.999024E+00  0.229789E-02  0.            0.            0.            100000
 -0.242402E-01 -0.100092E+01  0.            0.            0.            010000
  0.            0.           -0.997942E+00  0.295446E-01  0.            001000
  0.            0.           -0.177580E+00 -0.996805E+00  0.            000100
  0.            0.            0.            0.            0.100000E+01  000010
  0.            0.            0.            0.            0.475321E+02  000001
  0.            0.            0.            0.           -0.190308E-03  200000
  0.            0.            0.            0.            0.230047E-06  110000
  0.            0.            0.            0.            0.            101000
  0.            0.            0.            0.            0.            100100
  0.            0.            0.            0.            0.            100010
 -0.178437E-03 -0.718888E-02  0.            0.            0.            100001
  0.            0.            0.            0.           -0.266959E-02  020000
  0.            0.            0.            0.            0.            011000
  0.            0.            0.            0.            0.            010100
  0.            0.            0.            0.            0.            010010
  0.100653E+00 -0.227169E-03  0.            0.            0.            010001
  0.            0.            0.            0.           -0.603671E-03  002000
  0.            0.            0.            0.           -0.486464E-05  001100
  0.            0.            0.            0.            0.            001010
  0.            0.           -0.395413E-02 -0.227126E-01  0.            001001
  0.            0.            0.            0.           -0.340851E-02  000200
  0.            0.            0.            0.            0.            000110
  0.            0.            0.128357E+00 -0.389206E-02  0.            000101
  0.            0.            0.            0.            0.            000020
  0.            0.            0.            0.            0.            000011
  0.            0.            0.            0.           -0.712982E+00  000002
  0.189604E-07  0.554099E-06  0.            0.            0.            300000
 -0.135693E-04  0.145558E-07  0.            0.            0.            210000
  0.            0.            0.769981E-06  0.430411E-05  0.            201000
  0.            0.           -0.221566E-04  0.652755E-06  0.            200100
  0.            0.            0.            0.            0.            200010
  0.            0.            0.            0.            0.486256E-05  200001
  0.896940E-07  0.135952E-04  0.            0.            0.            120000
  0.            0.           -0.607453E-04 -0.265323E-07  0.            111000
  0.            0.            0.238461E-07  0.606707E-04  0.            110100
  0.            0.            0.            0.            0.            110010
  0.            0.            0.            0.           -0.210607E-07  110001
  0.101437E-05  0.431989E-05  0.            0.            0.            102000
 -0.604876E-04  0.132729E-06  0.            0.            0.            101100
  0.            0.            0.            0.            0.            101010
  0.            0.            0.            0.            0.            101001
 -0.483164E-05  0.222345E-04  0.            0.            0.            100200
  0.            0.            0.            0.            0.            100110
  0.            0.            0.            0.            0.            100101
  0.            0.            0.            0.            0.            100020
  0.            0.            0.            0.            0.            100011
  0.363879E-03  0.910096E-04  0.            0.            0.            100002
 -0.107685E-03  0.327692E-06  0.            0.            0.            030000
  0.            0.            0.928494E-05  0.560713E-04  0.            021000
  0.            0.           -0.332236E-03  0.105393E-04  0.            020100
  0.            0.            0.            0.            0.            020010
  0.            0.            0.            0.            0.801646E-04  020001
 -0.561974E-04 -0.782217E-06  0.            0.            0.            012000
  0.653321E-07  0.606056E-04  0.            0.            0.            011100
  0.            0.            0.            0.            0.            011010
  0.            0.            0.            0.            0.            011001
 -0.332591E-03  0.614532E-05  0.            0.            0.            010200
  0.            0.            0.            0.            0.            010110
  0.            0.            0.            0.            0.            010101
  0.            0.            0.            0.            0.            010020
  0.            0.            0.            0.            0.            010011
 -0.150247E-02  0.365420E-03  0.            0.            0.            010002
  0.            0.            0.196644E-05  0.592432E-05  0.            003000
  0.            0.           -0.952430E-04  0.897670E-07  0.            002100
  0.            0.            0.            0.            0.            002010
  0.            0.            0.            0.            0.477673E-04  002001
  0.            0.           -0.274655E-06  0.951587E-04  0.            001200
  0.            0.            0.            0.            0.            001110
  0.            0.            0.            0.            0.780119E-05  001101
  0.            0.            0.            0.            0.            001020
  0.            0.            0.            0.            0.            001011
  0.            0.            0.154895E-02  0.857375E-03  0.            001002
  0.            0.           -0.180609E-03  0.110829E-04  0.            000300
  0.            0.            0.            0.            0.            000210
  0.            0.            0.            0.            0.235762E-04  000201
  0.            0.            0.            0.            0.            000120
  0.            0.            0.            0.            0.            000111
  0.            0.           -0.170682E-03  0.154718E-02  0.            000102
  0.            0.            0.            0.            0.            000030
  0.            0.            0.            0.            0.            000021
  0.            0.            0.            0.            0.            000012
  0.            0.            0.            0.            0.113763E-01  000003
-------------------------------------------------------------------------------
F9-F11
  0.500481E+00 -0.237622E+00  0.            0.           -0.293642E-02  100000
  0.119652E-01  0.199240E+01  0.            0.            0.132183E+01  010000
  0.            0.            0.433160E+00  0.491053E-01  0.            001000
  0.            0.            0.340463E+00  0.234721E+01  0.            000100
  0.            0.            0.            0.            0.100000E+01  000010
  0.124641E+02 -0.580727E+01  0.            0.            0.987155E+02  000001
 -0.254951E-04  0.114315E-04  0.            0.           -0.358551E-03  200000
  0.169059E-03  0.123270E-03  0.            0.            0.923224E-03  110000
  0.            0.            0.288086E-04 -0.286808E-04  0.            101000
  0.            0.           -0.188230E-03 -0.199990E-03  0.            100100
  0.            0.            0.            0.            0.            100010
  0.760619E-02  0.233604E-01  0.            0.            0.848616E-02  100001
 -0.236515E-03 -0.222742E-03  0.            0.           -0.740560E-02  020000
  0.            0.            0.562774E-04  0.337611E-03  0.            011000
  0.            0.           -0.470764E-03 -0.929630E-04  0.            010100
  0.            0.            0.            0.            0.            010010
 -0.135678E+00  0.346965E-01  0.            0.           -0.410726E-03  010001
 -0.359863E-04  0.326110E-05  0.            0.           -0.799679E-03  002000
  0.765776E-05 -0.158257E-03  0.            0.            0.656815E-03  001100
  0.            0.            0.            0.            0.            001010
  0.            0.            0.163392E-01  0.706371E-01  0.            001001
 -0.266356E-03  0.499829E-03  0.            0.           -0.159999E-01  000200
  0.            0.            0.            0.            0.            000110
  0.            0.           -0.270065E+00 -0.636344E-01  0.            000101
  0.            0.            0.            0.            0.            000020
  0.            0.            0.            0.            0.            000011
  0.880626E-01  0.133482E+00  0.            0.           -0.152976E+01  000002
 -0.551529E-06 -0.191903E-05  0.            0.           -0.985605E-06  300000
  0.200571E-04 -0.305335E-05  0.            0.           -0.175431E-05  210000
  0.            0.           -0.288719E-05 -0.137803E-04  0.            201000
  0.            0.            0.440704E-04  0.983568E-05  0.            200100
  0.            0.            0.            0.            0.            200010
 -0.545722E-04 -0.226330E-04  0.            0.            0.184921E-04  200001
 -0.599051E-04 -0.515111E-04  0.            0.           -0.235362E-04  120000
  0.            0.            0.548607E-04  0.484140E-05  0.            111000
  0.            0.           -0.345043E-03 -0.332674E-03  0.            110100
  0.            0.            0.            0.            0.            110010
  0.557122E-03  0.172259E-03  0.            0.           -0.723288E-04  110001
  0.792826E-07 -0.116823E-04  0.            0.           -0.724428E-05  102000
  0.636841E-04 -0.218972E-04  0.            0.           -0.745119E-05  101100
  0.            0.            0.            0.            0.            101010
  0.            0.           -0.112691E-03 -0.545861E-04  0.            101001
 -0.175443E-03 -0.116659E-03  0.            0.           -0.375280E-04  100200
  0.            0.            0.            0.            0.            100110
  0.            0.            0.158650E-02  0.746564E-03  0.            100101
  0.            0.            0.            0.            0.            100020
  0.            0.            0.            0.            0.            100011
 -0.255243E-02 -0.663500E-03  0.            0.            0.780374E-05  100002
  0.213837E-03 -0.224330E-04  0.            0.           -0.504172E-05  030000
  0.            0.           -0.802569E-04 -0.189949E-03  0.            021000
  0.            0.            0.124625E-02  0.426524E-03  0.            020100
  0.            0.            0.            0.            0.            020010
 -0.163258E-02 -0.361979E-03  0.            0.            0.924962E-04  020001
  0.391937E-04 -0.192262E-04  0.            0.           -0.283920E-05  012000
 -0.125233E-03 -0.194452E-03  0.            0.           -0.103605E-03  011100
  0.            0.            0.            0.            0.            011010
  0.            0.            0.525749E-03  0.258312E-03  0.            011001
  0.139532E-02  0.333186E-04  0.            0.           -0.386586E-04  010200
  0.            0.            0.            0.            0.            010110
  0.            0.           -0.838849E-02 -0.387236E-02  0.            010101
  0.            0.            0.            0.            0.            010020
  0.            0.            0.            0.            0.            010011
  0.788285E-02 -0.457600E-03  0.            0.           -0.628604E-03  010002
  0.            0.           -0.206780E-05 -0.165868E-04  0.            003000
  0.            0.            0.689360E-04  0.229218E-05  0.            002100
  0.            0.            0.            0.            0.            002010
 -0.216548E-04 -0.120424E-04  0.            0.            0.757761E-04  002001
  0.            0.           -0.299135E-03 -0.405583E-03  0.            001200
  0.            0.            0.            0.            0.            001110
  0.631127E-03  0.213629E-03  0.            0.           -0.657123E-03  001101
  0.            0.            0.            0.            0.            001020
  0.            0.            0.            0.            0.            001011
  0.            0.           -0.852817E-02 -0.487592E-02  0.            001002
  0.            0.            0.157589E-02  0.612767E-03  0.            000300
  0.            0.            0.            0.            0.            000210
 -0.464594E-02 -0.123854E-02  0.            0.            0.342151E-03  000201
  0.            0.            0.            0.            0.            000120
  0.            0.            0.            0.            0.            000111
  0.            0.            0.212059E-01  0.314403E-02  0.            000102
  0.            0.            0.            0.            0.            000030
  0.            0.            0.            0.            0.            000021
  0.            0.            0.            0.            0.            000012
 -0.158076E-01 -0.658506E-02  0.            0.            0.259129E-01  000003
-------------------------------------------------------------------------------
F9-F11+1m
  0.262859E+00 -0.237622E+00  0.            0.           -0.293642E-02  100000
  0.200436E+01  0.199240E+01  0.            0.            0.132183E+01  010000
  0.            0.            0.482265E+00  0.491053E-01  0.            001000
  0.            0.            0.268768E+01  0.234721E+01  0.            000100
  0.            0.            0.            0.            0.100000E+01  000010
  0.665684E+01 -0.580727E+01  0.            0.            0.102863E+03  000001
 -0.140636E-04  0.114315E-04  0.            0.           -0.373536E-03  200000
  0.292329E-03  0.123270E-03  0.            0.            0.117452E-02  110000
  0.            0.            0.127833E-06 -0.286808E-04  0.            101000
  0.            0.           -0.388220E-03 -0.199990E-03  0.            100100
  0.            0.            0.            0.            0.            100010
  0.333429E-01  0.233604E-01  0.            0.            0.775370E-02  100001
 -0.459257E-03 -0.222742E-03  0.            0.           -0.845913E-02  020000
  0.            0.            0.393888E-03  0.337611E-03  0.            011000
  0.            0.           -0.563727E-03 -0.929630E-04  0.            010100
  0.            0.            0.            0.            0.            010010
 -0.120905E+00  0.346965E-01  0.            0.            0.573076E-02  010001
 -0.327252E-04  0.326110E-05  0.            0.           -0.800319E-03  002000
 -0.150599E-03 -0.158257E-03  0.            0.            0.595635E-03  001100
  0.            0.            0.            0.            0.            001010
  0.            0.            0.864852E-01  0.706371E-01  0.            001001
  0.233473E-03  0.499829E-03  0.            0.           -0.174621E-01  000200
  0.            0.            0.            0.            0.            000110
  0.            0.           -0.357171E+00 -0.636344E-01  0.            000101
  0.            0.            0.            0.            0.            000020
  0.            0.            0.            0.            0.            000011
  0.279617E+00  0.133482E+00  0.            0.           -0.160093E+01  000002
 -0.247727E-05 -0.191903E-05  0.            0.           -0.984164E-06  300000
  0.171725E-04 -0.305335E-05  0.            0.           -0.175086E-05  210000
  0.            0.           -0.166661E-04 -0.137803E-04  0.            201000
  0.            0.            0.539723E-04  0.983568E-05  0.            200100
  0.            0.            0.            0.            0.            200010
 -0.778113E-04 -0.226330E-04  0.            0.            0.218906E-04  200001
 -0.112831E-03 -0.515111E-04  0.            0.           -0.236946E-04  120000
  0.            0.            0.596789E-04  0.484140E-05  0.            111000
  0.            0.           -0.678828E-03 -0.332674E-03  0.            110100
  0.            0.            0.            0.            0.            110010
  0.736396E-03  0.172259E-03  0.            0.           -0.992671E-04  110001
 -0.116033E-04 -0.116823E-04  0.            0.           -0.724312E-05  102000
  0.417595E-04 -0.218972E-04  0.            0.           -0.743020E-05  101100
  0.            0.            0.            0.            0.            101010
  0.            0.           -0.166923E-03 -0.545861E-04  0.            101001
 -0.292756E-03 -0.116659E-03  0.            0.           -0.372157E-04  100200
  0.            0.            0.            0.            0.            100110
  0.            0.            0.233830E-02  0.746564E-03  0.            100101
  0.            0.            0.            0.            0.            100020
  0.            0.            0.            0.            0.            100011
 -0.349460E-02 -0.663500E-03  0.            0.            0.117020E-03  100002
  0.195359E-03 -0.224330E-04  0.            0.           -0.480616E-05  030000
  0.            0.           -0.270108E-03 -0.189949E-03  0.            021000
  0.            0.            0.167743E-02  0.426524E-03  0.            020100
  0.            0.            0.            0.            0.            020010
 -0.202691E-02 -0.361979E-03  0.            0.            0.844192E-04  020001
  0.199698E-04 -0.192262E-04  0.            0.           -0.285145E-05  012000
 -0.319456E-03 -0.194452E-03  0.            0.           -0.103856E-03  011100
  0.            0.            0.            0.            0.            011010
  0.            0.            0.780116E-03  0.258312E-03  0.            011001
  0.143413E-02  0.333186E-04  0.            0.           -0.390714E-04  010200
  0.            0.            0.            0.            0.            010110
  0.            0.           -0.122871E-01 -0.387236E-02  0.            010101
  0.            0.            0.            0.            0.            010020
  0.            0.            0.            0.            0.            010011
  0.745616E-02 -0.457600E-03  0.            0.           -0.833637E-03  010002
  0.            0.           -0.186545E-04 -0.165868E-04  0.            003000
  0.            0.            0.712367E-04  0.229218E-05  0.            002100
  0.            0.            0.            0.            0.            002010
 -0.337368E-04 -0.120424E-04  0.            0.            0.739628E-04  002001
  0.            0.           -0.704312E-03 -0.405583E-03  0.            001200
  0.            0.            0.            0.            0.            001110
  0.845669E-03  0.213629E-03  0.            0.           -0.742256E-03  001101
  0.            0.            0.            0.            0.            001020
  0.            0.            0.            0.            0.            001011
  0.            0.           -0.141028E-01 -0.487592E-02  0.            001002
  0.            0.            0.219513E-02  0.612767E-03  0.            000300
  0.            0.            0.            0.            0.            000210
 -0.590548E-02 -0.123854E-02  0.            0.            0.463642E-03  000201
  0.            0.            0.            0.            0.            000120
  0.            0.            0.            0.            0.            000111
  0.            0.            0.253523E-01  0.314403E-02  0.            000102
  0.            0.            0.            0.            0.            000030
  0.            0.            0.            0.            0.            000021
  0.            0.            0.            0.            0.            000012
 -0.246331E-01 -0.658506E-02  0.            0.            0.275649E-01  000003
-------------------------------------------------------------------------------
F9.5-F10
 -0.293470E-02 -0.267327E+00  0.            0.            0.            100000
  0.374067E+01 -0.580701E-02  0.            0.            0.            010000
  0.            0.           -0.366267E-01 -0.410255E+00  0.            001000
  0.            0.            0.243437E+01 -0.352056E-01  0.            000100
  0.            0.            0.            0.            0.100000E+01  000010
  0.            0.            0.            0.            0.237661E+02  000001
  0.            0.            0.            0.           -0.951929E-04  200000
  0.            0.            0.            0.            0.592048E-04  110000
  0.            0.            0.            0.            0.            101000
  0.            0.            0.            0.            0.            100100
  0.            0.            0.            0.            0.            100010
  0.134354E-01 -0.319520E-03  0.            0.            0.            100001
  0.            0.            0.            0.           -0.133463E-02  020000
  0.            0.            0.            0.            0.            011000
  0.            0.            0.            0.            0.            010100
  0.            0.            0.            0.            0.            010010
 -0.403125E-02  0.134716E-01  0.            0.            0.            010001
  0.            0.            0.            0.           -0.287480E-03  002000
  0.            0.            0.            0.           -0.950397E-03  001100
  0.            0.            0.            0.            0.            001010
  0.            0.            0.270687E-01  0.697557E-02  0.            001001
  0.            0.            0.            0.           -0.178859E-02  000200
  0.            0.            0.            0.            0.            000110
  0.            0.            0.461305E-01  0.270615E-01  0.            000101
  0.            0.            0.            0.            0.            000020
  0.            0.            0.            0.            0.            000011
  0.            0.            0.            0.           -0.356491E+00  000002
 -0.102820E-05 -0.181116E-06  0.            0.            0.            300000
 -0.768981E-05 -0.180646E-05  0.            0.            0.            210000
  0.            0.           -0.505339E-05 -0.188915E-05  0.            201000
  0.            0.           -0.120642E-04 -0.471184E-05  0.            200100
  0.            0.            0.            0.            0.            200010
  0.            0.            0.            0.            0.264213E-05  200001
 -0.255290E-04 -0.768550E-05  0.            0.            0.            120000
  0.            0.           -0.309063E-04 -0.120296E-04  0.            111000
  0.            0.           -0.767930E-04 -0.309090E-04  0.            110100
  0.            0.            0.            0.            0.            110010
  0.            0.            0.            0.            0.366734E-06  110001
 -0.751419E-05 -0.162425E-05  0.            0.            0.            102000
 -0.358260E-04 -0.806394E-05  0.            0.            0.            101100
  0.            0.            0.            0.            0.            101010
  0.            0.            0.            0.            0.            101001
 -0.446100E-04 -0.103497E-04  0.            0.            0.            100200
  0.            0.            0.            0.            0.            100110
  0.            0.            0.            0.            0.            100101
  0.            0.            0.            0.            0.            100020
  0.            0.            0.            0.            0.            100011
 -0.186246E-03  0.233850E-04  0.            0.            0.            100002
 -0.361915E-04 -0.145139E-04  0.            0.            0.            030000
  0.            0.           -0.664247E-04 -0.266343E-04  0.            021000
  0.            0.           -0.170104E-03 -0.712575E-04  0.            020100
  0.            0.            0.            0.            0.            020010
  0.            0.            0.            0.            0.371427E-04  020001
 -0.229678E-04 -0.698862E-05  0.            0.            0.            012000
 -0.114008E-03 -0.357397E-04  0.            0.            0.            011100
  0.            0.            0.            0.            0.            011010
  0.            0.            0.            0.            0.            011001
 -0.146315E-03 -0.477471E-04  0.            0.            0.            010200
  0.            0.            0.            0.            0.            010110
  0.            0.            0.            0.            0.            010101
  0.            0.            0.            0.            0.            010020
  0.            0.            0.            0.            0.            010011
 -0.351115E-03 -0.186824E-03  0.            0.            0.            010002
  0.            0.           -0.650070E-05 -0.250689E-05  0.            003000
  0.            0.           -0.479874E-04 -0.189038E-04  0.            002100
  0.            0.            0.            0.            0.            002010
  0.            0.            0.            0.            0.122772E-04  002001
  0.            0.           -0.120570E-03 -0.479414E-04  0.            001200
  0.            0.            0.            0.            0.            001110
  0.            0.            0.            0.            0.534103E-04  001101
  0.            0.            0.            0.            0.            001020
  0.            0.            0.            0.            0.            001011
  0.            0.           -0.574909E-03 -0.114330E-03  0.            001002
  0.            0.           -0.101968E-03 -0.413838E-04  0.            000300
  0.            0.            0.            0.            0.            000210
  0.            0.            0.            0.            0.774847E-04  000201
  0.            0.            0.            0.            0.            000120
  0.            0.            0.            0.            0.            000111
  0.            0.           -0.178024E-02 -0.574880E-03  0.            000102
  0.            0.            0.            0.            0.            000030
  0.            0.            0.            0.            0.            000021
  0.            0.            0.            0.            0.            000012
  0.            0.            0.            0.            0.568815E-02  000003
-------------------------------------------------------------------------------
F9.5-F11
  0.142254E-02  0.532958E+00  0.            0.            0.353036E+00  100000
 -0.187396E+01  0.884150E+00  0.            0.            0.730112E-02  010000
  0.            0.            0.124015E+00  0.961729E+00  0.            001000
  0.            0.           -0.106633E+01 -0.205818E+00  0.            000100
  0.            0.            0.            0.            0.100000E+01  000010
  0.124641E+02 -0.580727E+01  0.            0.            0.749877E+02  000001
 -0.170304E-04 -0.160042E-04  0.            0.           -0.433878E-03  200000
 -0.169379E-03 -0.122632E-03  0.            0.           -0.861165E-03  110000
  0.            0.           -0.518793E-04 -0.131815E-04  0.            101000
  0.            0.           -0.317168E-04 -0.218721E-03  0.            100100
  0.            0.            0.            0.            0.            100010
 -0.295373E-01  0.661882E-02  0.            0.            0.236431E-03  100001
 -0.355660E-03  0.161551E-03  0.            0.           -0.368368E-02  020000
  0.            0.            0.293773E-03  0.303621E-03  0.            011000
  0.            0.            0.236829E-03 -0.286522E-03  0.            010100
  0.            0.            0.            0.            0.            010010
 -0.258930E-01 -0.617954E-01  0.            0.           -0.140443E-01  010001
 -0.450438E-04  0.865885E-04  0.            0.           -0.241931E-02  002000
 -0.595601E-05  0.143314E-03  0.            0.           -0.126466E-02  001100
  0.            0.            0.            0.            0.            001010
  0.            0.           -0.102121E+00 -0.436973E-01  0.            001001
 -0.212668E-03  0.581359E-05  0.            0.           -0.290653E-02  000200
  0.            0.            0.            0.            0.            000110
  0.            0.           -0.405676E-01 -0.108353E+00  0.            000101
  0.            0.            0.            0.            0.            000020
  0.            0.            0.            0.            0.            000011
  0.880626E-01  0.133482E+00  0.            0.           -0.117442E+01  000002
  0.357611E-05  0.191496E-06  0.            0.            0.152688E-06  300000
  0.198377E-04  0.832601E-05  0.            0.            0.386770E-05  210000
  0.            0.            0.352901E-04  0.172888E-04  0.            201000
  0.            0.            0.143872E-04  0.213948E-04  0.            200100
  0.            0.            0.            0.            0.            200010
 -0.116408E-03 -0.255790E-04  0.            0.            0.612555E-05  200001
  0.621799E-04  0.990001E-05  0.            0.            0.365726E-05  120000
  0.            0.            0.152618E-03  0.109923E-03  0.            111000
  0.            0.            0.979958E-04  0.683701E-04  0.            110100
  0.            0.            0.            0.            0.            110010
 -0.555281E-03 -0.175083E-03  0.            0.            0.558404E-04  110001
  0.596699E-04  0.736461E-05  0.            0.            0.866787E-06  102000
  0.420060E-04  0.259258E-04  0.            0.            0.169685E-04  101100
  0.            0.            0.            0.            0.            101010
  0.            0.           -0.926907E-03 -0.426630E-03  0.            101001
  0.372278E-04 -0.352431E-05  0.            0.            0.700283E-05  100200
  0.            0.            0.            0.            0.            100110
  0.            0.           -0.264899E-03 -0.134193E-03  0.            100101
  0.            0.            0.            0.            0.            100020
  0.            0.            0.            0.            0.            100011
  0.208045E-02  0.202726E-03  0.            0.           -0.842179E-04  100002
  0.460683E-04  0.634308E-04  0.            0.            0.325644E-04  030000
  0.            0.            0.233920E-03  0.121338E-03  0.            021000
  0.            0.            0.123817E-03  0.306357E-03  0.            020100
  0.            0.            0.            0.            0.            020010
 -0.766956E-03 -0.322032E-03  0.            0.            0.186629E-03  020001
  0.125004E-03  0.530163E-04  0.            0.            0.139974E-04  012000
  0.161009E-03  0.106038E-04  0.            0.            0.200467E-04  011100
  0.            0.            0.            0.            0.            011010
  0.            0.           -0.245486E-02 -0.115377E-02  0.            011001
  0.498476E-04  0.137243E-03  0.            0.            0.997339E-04  010200
  0.            0.            0.            0.            0.            010110
  0.            0.           -0.783084E-03 -0.388365E-03  0.            010101
  0.            0.            0.            0.            0.            010020
  0.            0.            0.            0.            0.            010011
  0.791746E-02  0.259353E-02  0.            0.           -0.245004E-03  010002
  0.            0.            0.108911E-03  0.504346E-04  0.            003000
  0.            0.            0.112364E-03  0.112743E-03  0.            002100
  0.            0.            0.            0.            0.            002010
 -0.790624E-03 -0.216559E-03  0.            0.            0.155733E-03  002001
  0.            0.            0.113130E-03  0.940857E-04  0.            001200
  0.            0.            0.            0.            0.            001110
 -0.494410E-03 -0.166229E-03  0.            0.            0.448556E-03  001101
  0.            0.            0.            0.            0.            001020
  0.            0.            0.            0.            0.            001011
  0.            0.            0.111264E-01  0.405804E-02  0.            001002
  0.            0.            0.457485E-04  0.147534E-03  0.            000300
  0.            0.            0.            0.            0.            000210
 -0.859950E-04 -0.439601E-04  0.            0.            0.123244E-03  000201
  0.            0.            0.            0.            0.            000120
  0.            0.            0.            0.            0.            000111
  0.            0.            0.124919E-01  0.551652E-02  0.            000102
  0.            0.            0.            0.            0.            000030
  0.            0.            0.            0.            0.            000021
  0.            0.            0.            0.            0.            000012
 -0.158076E-01 -0.658506E-02  0.            0.            0.202522E-01  000003
-------------------------------------------------------------------------------
F9.5-F11+1m
  0.534380E+00  0.532958E+00  0.            0.            0.353036E+00  100000
 -0.989811E+00  0.884150E+00  0.            0.            0.730112E-02  010000
  0.            0.            0.108574E+01  0.961729E+00  0.            001000
  0.            0.           -0.127215E+01 -0.205818E+00  0.            000100
  0.            0.            0.            0.            0.100000E+01  000010
  0.665684E+01 -0.580727E+01  0.            0.            0.791354E+02  000001
 -0.330346E-04 -0.160042E-04  0.            0.           -0.509263E-03  200000
 -0.292011E-03 -0.122632E-03  0.            0.           -0.111128E-02  110000
  0.            0.           -0.650608E-04 -0.131815E-04  0.            101000
  0.            0.           -0.250438E-03 -0.218721E-03  0.            100100
  0.            0.            0.            0.            0.            100010
 -0.282480E-01  0.661882E-02  0.            0.            0.187925E-02  100001
 -0.194109E-03  0.161551E-03  0.            0.           -0.389115E-02  020000
  0.            0.            0.597394E-03  0.303621E-03  0.            011000
  0.            0.           -0.496927E-04 -0.286522E-03  0.            010100
  0.            0.            0.            0.            0.            010010
 -0.965299E-01 -0.617954E-01  0.            0.           -0.113190E-01  010001
  0.415447E-04  0.865885E-04  0.            0.           -0.266478E-02  002000
  0.137358E-03  0.143314E-03  0.            0.           -0.115960E-02  001100
  0.            0.            0.            0.            0.            001010
  0.            0.           -0.155436E+00 -0.436973E-01  0.            001001
 -0.206854E-03  0.581359E-05  0.            0.           -0.291777E-02  000200
  0.            0.            0.            0.            0.            000110
  0.            0.           -0.146863E+00 -0.108353E+00  0.            000101
  0.            0.            0.            0.            0.            000020
  0.            0.            0.            0.            0.            000011
  0.279617E+00  0.133482E+00  0.            0.           -0.124558E+01  000002
  0.384330E-05  0.191496E-06  0.            0.            0.157216E-06  300000
  0.285404E-04  0.832601E-05  0.            0.            0.390990E-05  210000
  0.            0.            0.527155E-04  0.172888E-04  0.            201000
  0.            0.            0.357527E-04  0.213948E-04  0.            200100
  0.            0.            0.            0.            0.            200010
 -0.144301E-03 -0.255790E-04  0.            0.            0.630056E-05  200001
  0.727049E-04  0.990001E-05  0.            0.            0.366911E-05  120000
  0.            0.            0.262994E-03  0.109923E-03  0.            111000
  0.            0.            0.166269E-03  0.683701E-04  0.            110100
  0.            0.            0.            0.            0.            110010
 -0.737347E-03 -0.175083E-03  0.            0.            0.767943E-04  110001
  0.672809E-04  0.736461E-05  0.            0.            0.849021E-06  102000
  0.678262E-04  0.259258E-04  0.            0.            0.170382E-04  101100
  0.            0.            0.            0.            0.            101010
  0.            0.           -0.135638E-02 -0.426630E-03  0.            101001
  0.337148E-04 -0.352431E-05  0.            0.            0.697730E-05  100200
  0.            0.            0.            0.            0.            100110
  0.            0.           -0.396268E-03 -0.134193E-03  0.            100101
  0.            0.            0.            0.            0.            100020
  0.            0.            0.            0.            0.            100011
  0.231807E-02  0.202726E-03  0.            0.           -0.147270E-03  100002
  0.109845E-03  0.634308E-04  0.            0.            0.324886E-04  030000
  0.            0.            0.355633E-03  0.121338E-03  0.            021000
  0.            0.            0.430094E-03  0.306357E-03  0.            020100
  0.            0.            0.            0.            0.            020010
 -0.109741E-02 -0.322032E-03  0.            0.            0.221898E-03  020001
  0.178429E-03  0.530163E-04  0.            0.            0.138018E-04  012000
  0.171438E-03  0.106038E-04  0.            0.            0.201589E-04  011100
  0.            0.            0.            0.            0.            011010
  0.            0.           -0.361660E-02 -0.115377E-02  0.            011001
  0.187109E-03  0.137243E-03  0.            0.            0.996999E-04  010200
  0.            0.            0.            0.            0.            010110
  0.            0.           -0.116753E-02 -0.388365E-03  0.            010101
  0.            0.            0.            0.            0.            010020
  0.            0.            0.            0.            0.            010011
  0.112966E-01  0.259353E-02  0.            0.           -0.573932E-03  010002
  0.            0.            0.159790E-03  0.504346E-04  0.            003000
  0.            0.            0.224821E-03  0.112743E-03  0.            002100
  0.            0.            0.            0.            0.            002010
 -0.101073E-02 -0.216559E-03  0.            0.            0.185134E-03  002001
  0.            0.            0.207276E-03  0.940857E-04  0.            001200
  0.            0.            0.            0.            0.            001110
 -0.660922E-03 -0.166229E-03  0.            0.            0.496614E-03  001101
  0.            0.            0.            0.            0.            001020
  0.            0.            0.            0.            0.            001011
  0.            0.            0.157713E-01  0.405804E-02  0.            001002
  0.            0.            0.193278E-03  0.147534E-03  0.            000300
  0.            0.            0.            0.            0.            000210
 -0.130136E-03 -0.439601E-04  0.            0.            0.111737E-03  000201
  0.            0.            0.            0.            0.            000120
  0.            0.            0.            0.            0.            000111
  0.            0.            0.190599E-01  0.551652E-02  0.            000102
  0.            0.            0.            0.            0.            000030
  0.            0.            0.            0.            0.            000021
  0.            0.            0.            0.            0.            000012
 -0.246331E-01 -0.658506E-02  0.            0.            0.219042E-01  000003
-------------------------------------------------------------------------------
F10-F11
 -0.500969E+00  0.233263E+00  0.            0.           -0.982966E-04  100000
  0.178253E-03 -0.199621E+01  0.            0.           -0.132061E+01  010000
  0.            0.           -0.441835E+00 -0.118296E+00  0.            001000
  0.            0.           -0.262842E+00 -0.233366E+01  0.            000100
  0.            0.            0.            0.            0.100000E+01  000010
  0.124641E+02 -0.580727E+01  0.            0.            0.512599E+02  000001
 -0.251545E-04  0.117349E-04  0.            0.           -0.166455E-03  200000
  0.169191E-03  0.121679E-03  0.            0.            0.909310E-03  110000
  0.            0.            0.232737E-04 -0.337626E-04  0.            101000
  0.            0.           -0.194238E-03 -0.195016E-03  0.            100100
  0.            0.            0.            0.            0.            100010
 -0.732906E-02 -0.910774E-02  0.            0.            0.994829E-03  100001
 -0.240163E-03 -0.225285E-03  0.            0.           -0.474922E-02  020000
  0.            0.            0.415865E-04  0.334296E-03  0.            011000
  0.            0.           -0.474643E-03 -0.147861E-03  0.            010100
  0.            0.            0.            0.            0.            010010
  0.854340E-01 -0.105726E-01  0.            0.            0.675631E-03  010001
 -0.357637E-04 -0.984113E-06  0.            0.           -0.186262E-03  002000
  0.461106E-05 -0.128277E-03  0.            0.           -0.183571E-04  001100
  0.            0.            0.            0.            0.            001010
  0.            0.           -0.227086E-02 -0.154967E-01  0.            001001
 -0.267752E-03  0.525922E-03  0.            0.           -0.126631E-01  000200
  0.            0.            0.            0.            0.            000110
  0.            0.            0.215557E+00  0.604880E-01  0.            000101
  0.            0.            0.            0.            0.            000020
  0.            0.            0.            0.            0.            000011
  0.880626E-01  0.133482E+00  0.            0.           -0.819072E+00  000002
  0.513419E-06  0.819417E-06  0.            0.            0.258583E-06  300000
 -0.130363E-04 -0.885143E-07  0.            0.            0.174497E-05  210000
  0.            0.            0.352286E-06  0.339999E-05  0.            201000
  0.            0.           -0.339358E-04 -0.894910E-05  0.            200100
  0.            0.            0.            0.            0.            200010
 -0.546182E-04 -0.231534E-04  0.            0.            0.694590E-05  200001
  0.593378E-04  0.243505E-04  0.            0.            0.552388E-05  120000
  0.            0.           -0.180876E-04  0.808925E-05  0.            111000
  0.            0.            0.329926E-03  0.188765E-03  0.            110100
  0.            0.            0.            0.            0.            110010
  0.550612E-03  0.177269E-03  0.            0.           -0.380864E-04  110001
 -0.143128E-05  0.358368E-05  0.            0.            0.176316E-05  102000
 -0.222286E-04  0.106263E-04  0.            0.            0.720314E-05  101100
  0.            0.            0.            0.            0.            101010
  0.            0.           -0.607723E-04 -0.300238E-04  0.            101001
  0.180339E-03  0.693778E-04  0.            0.            0.695674E-05  100200
  0.            0.            0.            0.            0.            100110
  0.            0.            0.159163E-02  0.743112E-03  0.            100101
  0.            0.            0.            0.            0.            100020
  0.            0.            0.            0.            0.            100011
  0.174235E-02  0.641595E-03  0.            0.           -0.132221E-03  100002
 -0.160879E-03 -0.392044E-05  0.            0.            0.447200E-05  030000
  0.            0.            0.290407E-04  0.453646E-04  0.            021000
  0.            0.           -0.111679E-02 -0.425060E-03  0.            020100
  0.            0.            0.            0.            0.            020010
 -0.162591E-02 -0.353218E-03  0.            0.            0.105987E-03  020001
 -0.831290E-05  0.959094E-05  0.            0.            0.452688E-05  012000
  0.558396E-04  0.624183E-04  0.            0.            0.235554E-04  011100
  0.            0.            0.            0.            0.            011010
  0.            0.            0.290662E-03  0.143626E-03  0.            011001
 -0.124941E-02 -0.136997E-03  0.            0.            0.262027E-04  010200
  0.            0.            0.            0.            0.            010110
  0.            0.           -0.850939E-02 -0.390134E-02  0.            010101
  0.            0.            0.            0.            0.            010020
  0.            0.            0.            0.            0.            010011
 -0.792333E-02 -0.154583E-02  0.            0.            0.250516E-03  010002
  0.            0.           -0.943853E-06  0.290574E-05  0.            003000
  0.            0.           -0.140207E-04  0.164083E-04  0.            002100
  0.            0.            0.            0.            0.            002010
 -0.707930E-05 -0.384068E-05  0.            0.            0.907536E-05  002001
  0.            0.            0.146493E-03  0.122950E-03  0.            001200
  0.            0.            0.            0.            0.            001110
  0.361179E-03  0.118468E-03  0.            0.           -0.121624E-03  001101
  0.            0.            0.            0.            0.            001020
  0.            0.            0.            0.            0.            001011
  0.            0.            0.206398E-02  0.111975E-02  0.            001002
  0.            0.           -0.153911E-02 -0.645661E-03  0.            000300
  0.            0.            0.            0.            0.            000210
 -0.473885E-02 -0.128802E-02  0.            0.            0.429886E-03  000201
  0.            0.            0.            0.            0.            000120
  0.            0.            0.            0.            0.            000111
  0.            0.           -0.231051E-01 -0.917200E-02  0.            000102
  0.            0.            0.            0.            0.            000030
  0.            0.            0.            0.            0.            000021
  0.            0.            0.            0.            0.            000012
 -0.158076E-01 -0.658506E-02  0.            0.            0.145915E-01  000003
-------------------------------------------------------------------------------
F10-F11+1m
 -0.267707E+00  0.233263E+00  0.            0.           -0.982966E-04  100000
 -0.199604E+01 -0.199621E+01  0.            0.           -0.132061E+01  010000
  0.            0.           -0.560131E+00 -0.118296E+00  0.            001000
  0.            0.           -0.259650E+01 -0.233366E+01  0.            000100
  0.            0.            0.            0.            0.100000E+01  000010
  0.665684E+01 -0.580727E+01  0.            0.            0.554076E+02  000001
 -0.134196E-04  0.117349E-04  0.            0.           -0.180895E-03  200000
  0.290870E-03  0.121679E-03  0.            0.            0.115647E-02  110000
  0.            0.           -0.104889E-04 -0.337626E-04  0.            101000
  0.            0.           -0.389254E-03 -0.195016E-03  0.            100100
  0.            0.            0.            0.            0.            100010
 -0.187694E-01 -0.910774E-02  0.            0.            0.171385E-02  100001
 -0.465448E-03 -0.225285E-03  0.            0.           -0.580679E-02  020000
  0.            0.            0.375883E-03  0.334296E-03  0.            011000
  0.            0.           -0.622504E-03 -0.147861E-03  0.            010100
  0.            0.            0.            0.            0.            010010
  0.948235E-01 -0.105726E-01  0.            0.           -0.547762E-02  010001
 -0.367478E-04 -0.984113E-06  0.            0.           -0.189976E-03  002000
 -0.123666E-03 -0.128277E-03  0.            0.           -0.164889E-03  001100
  0.            0.            0.            0.            0.            001010
  0.            0.           -0.165846E-01 -0.154967E-01  0.            001001
  0.258170E-03  0.525922E-03  0.            0.           -0.141084E-01  000200
  0.            0.            0.            0.            0.            000110
  0.            0.            0.299381E+00  0.604880E-01  0.            000101
  0.            0.            0.            0.            0.            000020
  0.            0.            0.            0.            0.            000011
  0.279617E+00  0.133482E+00  0.            0.           -0.890238E+00  000002
  0.133918E-05  0.819417E-06  0.            0.            0.257130E-06  300000
 -0.132877E-04 -0.885143E-07  0.            0.            0.174233E-05  210000
  0.            0.            0.374906E-05  0.339999E-05  0.            201000
  0.            0.           -0.429484E-04 -0.894910E-05  0.            200100
  0.            0.            0.            0.            0.            200010
 -0.783629E-04 -0.231534E-04  0.            0.            0.851139E-05  200001
  0.850826E-04  0.243505E-04  0.            0.            0.568070E-05  120000
  0.            0.           -0.994331E-05  0.808925E-05  0.            111000
  0.            0.            0.519778E-03  0.188765E-03  0.            110100
  0.            0.            0.            0.            0.            110010
  0.734777E-03  0.177269E-03  0.            0.           -0.529271E-04  110001
  0.215403E-05  0.358368E-05  0.            0.            0.176116E-05  102000
 -0.115379E-04  0.106263E-04  0.            0.            0.716496E-05  101100
  0.            0.            0.            0.            0.            101010
  0.            0.           -0.902982E-04 -0.300238E-04  0.            101001
  0.250352E-03  0.693778E-04  0.            0.            0.665006E-05  100200
  0.            0.            0.            0.            0.            100110
  0.            0.            0.233986E-02  0.743112E-03  0.            100101
  0.            0.            0.            0.            0.            100020
  0.            0.            0.            0.            0.            100011
  0.251927E-02  0.641595E-03  0.            0.           -0.196821E-03  100002
 -0.168777E-03 -0.392044E-05  0.            0.            0.423330E-05  030000
  0.            0.            0.741696E-04  0.453646E-04  0.            021000
  0.            0.           -0.154650E-02 -0.425060E-03  0.            020100
  0.            0.            0.            0.            0.            020010
 -0.201158E-02 -0.353218E-03  0.            0.            0.123505E-03  020001
  0.126408E-05  0.959094E-05  0.            0.            0.454683E-05  012000
  0.117707E-03  0.624183E-04  0.            0.            0.238242E-04  011100
  0.            0.            0.            0.            0.            011010
  0.            0.            0.429574E-03  0.143626E-03  0.            011001
 -0.139184E-02 -0.136997E-03  0.            0.            0.265768E-04  010200
  0.            0.            0.            0.            0.            010110
  0.            0.           -0.124363E-01 -0.390134E-02  0.            010101
  0.            0.            0.            0.            0.            010020
  0.            0.            0.            0.            0.            010011
 -0.974203E-02 -0.154583E-02  0.            0.            0.530508E-03  010002
  0.            0.            0.196106E-05  0.290574E-05  0.            003000
  0.            0.            0.233862E-05  0.164083E-04  0.            002100
  0.            0.            0.            0.            0.            002010
 -0.109508E-04 -0.384068E-05  0.            0.            0.820258E-05  002001
  0.            0.            0.268477E-03  0.122950E-03  0.            001200
  0.            0.            0.            0.            0.            001110
  0.479326E-03  0.118468E-03  0.            0.           -0.133341E-03  001101
  0.            0.            0.            0.            0.            001020
  0.            0.            0.            0.            0.            001011
  0.            0.            0.332026E-02  0.111975E-02  0.            001002
  0.            0.           -0.219113E-02 -0.645661E-03  0.            000300
  0.            0.            0.            0.            0.            000210
 -0.604795E-02 -0.128802E-02  0.            0.            0.546634E-03  000201
  0.            0.            0.            0.            0.            000120
  0.            0.            0.            0.            0.            000111
  0.            0.           -0.332458E-01 -0.917200E-02  0.            000102
  0.            0.            0.            0.            0.            000030
  0.            0.            0.            0.            0.            000021
  0.            0.            0.            0.            0.            000012
 -0.246331E-01 -0.658506E-02  0.            0.            0.162435E-01  000003
-------------------------------------------------------------------------------
