Ref. Par.:   286   90
Brho89: 7.8315 Tm
Brho9M: 7.8315 Tm
BrhoMT: 7.8315 Tm
BrhoTE: 7.8315 Tm
                                      unit: mm,mrad,dp/p(%)
F8-F9
 -0.200879E+01  0.237984E+00  0.            0.           -0.330482E+00  100000
 -0.275074E-01 -0.494553E+00  0.            0.            0.687637E+00  010000
  0.            0.           -0.216064E+01 -0.131526E+00  0.            001000
  0.            0.            0.144899E+00 -0.454005E+00  0.            000100
  0.            0.            0.            0.            0.100000E+01  000010
 -0.247976E+02  0.366851E-02  0.            0.            0.423652E+02  000001
  0.710671E-04  0.387255E-04  0.            0.           -0.588430E-03  200000
  0.224137E-03 -0.604859E-04  0.            0.            0.287859E-03  110000
  0.            0.           -0.417448E-03  0.110726E-04  0.            101000
  0.            0.           -0.477803E-03  0.578883E-04  0.            100100
  0.            0.            0.            0.            0.            100010
 -0.782607E-02 -0.856505E-02  0.            0.            0.174481E-02  100001
  0.117579E-03 -0.419345E-04  0.            0.           -0.117457E-02  020000
  0.            0.            0.781698E-04 -0.150125E-03  0.            011000
  0.            0.            0.240827E-03  0.830239E-05  0.            010100
  0.            0.            0.            0.            0.            010010
  0.884372E-01 -0.866782E-02  0.            0.            0.895618E-03  010001
  0.337201E-03 -0.203277E-04  0.            0.           -0.107298E-02  002000
  0.327630E-04  0.896669E-04  0.            0.           -0.145046E-02  001100
  0.            0.            0.            0.            0.            001010
  0.            0.            0.567796E-01 -0.147226E-01  0.            001001
  0.113894E-03  0.384129E-04  0.            0.           -0.272113E-02  000200
  0.            0.            0.            0.            0.            000110
  0.            0.            0.209023E+00  0.178048E-02  0.            000101
  0.            0.            0.            0.            0.            000020
  0.            0.            0.            0.            0.            000011
  0.197023E+00 -0.684691E-01  0.            0.           -0.677098E+00  000002
  0.751691E-05  0.378162E-05  0.            0.           -0.537263E-06  300000
 -0.228894E-04 -0.269769E-05  0.            0.           -0.257422E-05  210000
  0.            0.            0.256201E-04  0.182166E-04  0.            201000
  0.            0.           -0.519447E-04 -0.977590E-05  0.            200100
  0.            0.            0.            0.            0.            200010
  0.238515E-03  0.972168E-04  0.            0.            0.158419E-04  200001
 -0.316958E-05  0.596631E-05  0.            0.           -0.484393E-05  120000
  0.            0.           -0.839777E-04 -0.164148E-04  0.            111000
  0.            0.           -0.592594E-04  0.151054E-04  0.            110100
  0.            0.            0.            0.            0.            110010
 -0.255252E-03 -0.873711E-04  0.            0.            0.147206E-04  110001
  0.255480E-04  0.148750E-04  0.            0.           -0.375162E-05  102000
 -0.820605E-04 -0.449128E-05  0.            0.           -0.146234E-04  101100
  0.            0.            0.            0.            0.            101010
  0.            0.            0.708333E-03  0.322444E-03  0.            101001
 -0.241855E-04  0.153088E-04  0.            0.           -0.146104E-04  100200
  0.            0.            0.            0.            0.            100110
  0.            0.           -0.428800E-03 -0.199715E-03  0.            100101
  0.            0.            0.            0.            0.            100020
  0.            0.            0.            0.            0.            100011
  0.282261E-02  0.994343E-03  0.            0.            0.383444E-04  100002
 -0.385342E-04  0.485178E-05  0.            0.           -0.742718E-05  030000
  0.            0.           -0.107017E-03  0.986338E-05  0.            021000
  0.            0.           -0.278086E-03  0.491459E-05  0.            020100
  0.            0.            0.            0.            0.            020010
  0.650492E-04  0.246288E-04  0.            0.            0.254231E-04  020001
 -0.714665E-04  0.241143E-05  0.            0.           -0.113267E-04  012000
 -0.188466E-03  0.424995E-04  0.            0.           -0.487653E-04  011100
  0.            0.            0.            0.            0.            011010
  0.            0.           -0.329458E-03 -0.149565E-03  0.            011001
 -0.251882E-03  0.359958E-04  0.            0.           -0.532877E-04  010200
  0.            0.            0.            0.            0.            010110
  0.            0.            0.245407E-03  0.110643E-03  0.            010101
  0.            0.            0.            0.            0.            010020
  0.            0.            0.            0.            0.            010011
 -0.215393E-02 -0.152698E-04  0.            0.            0.591588E-04  010002
  0.            0.           -0.925069E-05  0.997588E-05  0.            003000
  0.            0.           -0.229751E-03 -0.101328E-04  0.            002100
  0.            0.            0.            0.            0.            002010
  0.279848E-03  0.119956E-03  0.            0.            0.804161E-04  002001
  0.            0.           -0.391444E-03  0.251415E-04  0.            001200
  0.            0.            0.            0.            0.            001110
 -0.434042E-03 -0.133659E-03  0.            0.            0.156640E-03  001101
  0.            0.            0.            0.            0.            001020
  0.            0.            0.            0.            0.            001011
  0.            0.            0.340765E-02  0.223077E-02  0.            001002
  0.            0.           -0.316559E-03  0.758255E-05  0.            000300
  0.            0.            0.            0.            0.            000210
  0.123430E-03  0.381490E-04  0.            0.            0.781574E-04  000201
  0.            0.            0.            0.            0.            000120
  0.            0.            0.            0.            0.            000111
  0.            0.           -0.517985E-02  0.290117E-03  0.            000102
  0.            0.            0.            0.            0.            000030
  0.            0.            0.            0.            0.            000021
  0.            0.            0.            0.            0.            000012
  0.564766E-02  0.427556E-02  0.            0.            0.112363E-01  000003
-------------------------------------------------------------------------------
F8-F9.5
  0.899937E+00  0.538726E+00  0.            0.           -0.330482E+00  100000
 -0.183610E+01  0.120513E-01  0.            0.            0.687637E+00  010000
  0.            0.           -0.400676E+00  0.827661E+00  0.            001000
  0.            0.           -0.117503E+01 -0.685624E-01  0.            000100
  0.            0.            0.            0.            0.100000E+01  000010
  0.214573E+00  0.667787E+01  0.            0.            0.619834E+02  000001
  0.143216E-03 -0.195017E-04  0.            0.           -0.110507E-02  200000
 -0.226406E-03 -0.597914E-04  0.            0.            0.668127E-03  110000
  0.            0.            0.173320E-04  0.160938E-03  0.            101000
  0.            0.            0.137255E-03  0.185482E-03  0.            100100
  0.            0.            0.            0.            0.            100010
 -0.594720E-01  0.606367E-02  0.            0.           -0.868574E-02  100001
 -0.156660E-03 -0.312698E-04  0.            0.           -0.151358E-02  020000
  0.            0.           -0.387716E-03 -0.343134E-04  0.            011000
  0.            0.            0.281498E-04 -0.924315E-04  0.            010100
  0.            0.            0.            0.            0.            010010
 -0.313309E-01 -0.303306E-01  0.            0.            0.156290E-02  010001
 -0.782112E-04 -0.906163E-04  0.            0.           -0.270906E-02  002000
  0.332676E-03 -0.966489E-05  0.            0.           -0.240451E-02  001100
  0.            0.            0.            0.            0.            001010
  0.            0.           -0.984344E-01 -0.403471E-01  0.            001001
  0.141708E-03 -0.310319E-04  0.            0.           -0.304840E-02  000200
  0.            0.            0.            0.            0.            000110
  0.            0.           -0.497326E-02 -0.912059E-01  0.            000101
  0.            0.            0.            0.            0.            000020
  0.            0.            0.            0.            0.            000011
 -0.586682E+00 -0.437617E-01  0.            0.           -0.103336E+01  000002
  0.172936E-04 -0.165348E-05  0.            0.           -0.538061E-06  300000
 -0.344716E-05  0.739109E-05  0.            0.           -0.238080E-05  210000
  0.            0.            0.707854E-04 -0.107045E-05  0.            201000
  0.            0.           -0.185038E-04  0.229237E-04  0.            200100
  0.            0.            0.            0.            0.            200010
  0.519357E-03 -0.426198E-04  0.            0.            0.319934E-04  200001
  0.285431E-04  0.206983E-05  0.            0.           -0.485026E-05  120000
  0.            0.           -0.716944E-05  0.461028E-04  0.            111000
  0.            0.            0.520233E-04  0.287833E-04  0.            110100
  0.            0.            0.            0.            0.            110010
 -0.875151E-04  0.113147E-03  0.            0.            0.407525E-04  110001
  0.112358E-03  0.266875E-05  0.            0.           -0.413342E-05  102000
  0.266966E-04  0.295719E-04  0.            0.           -0.153114E-04  101100
  0.            0.            0.            0.            0.            101010
  0.            0.            0.162756E-02  0.209424E-04  0.            101001
  0.654162E-04  0.782277E-05  0.            0.           -0.146689E-04  100200
  0.            0.            0.            0.            0.            100110
  0.            0.           -0.251704E-03  0.269154E-03  0.            100101
  0.            0.            0.            0.            0.            100020
  0.            0.            0.            0.            0.            100011
  0.650074E-02 -0.567156E-03  0.            0.            0.408146E-03  100002
  0.227545E-04  0.120881E-04  0.            0.           -0.748787E-05  030000
  0.            0.            0.633343E-04  0.578551E-04  0.            021000
  0.            0.            0.216924E-04  0.114112E-03  0.            020100
  0.            0.            0.            0.            0.            020010
  0.248981E-03  0.283123E-04  0.            0.            0.206889E-04  020001
  0.796536E-04  0.406645E-04  0.            0.           -0.116379E-04  012000
  0.214995E-03  0.679420E-04  0.            0.           -0.485004E-04  011100
  0.            0.            0.            0.            0.            011010
  0.            0.            0.540505E-03  0.487279E-03  0.            011001
  0.147134E-03  0.712619E-04  0.            0.           -0.531416E-04  010200
  0.            0.            0.            0.            0.            010110
  0.            0.            0.672438E-03  0.608571E-04  0.            010101
  0.            0.            0.            0.            0.            010020
  0.            0.            0.            0.            0.            010011
  0.369484E-02  0.106643E-02  0.            0.            0.426323E-03  010002
  0.            0.            0.123306E-03  0.418456E-04  0.            003000
  0.            0.            0.828500E-04  0.133867E-03  0.            002100
  0.            0.            0.            0.            0.            002010
  0.156413E-02  0.168317E-03  0.            0.            0.192310E-03  002001
  0.            0.            0.100980E-03  0.169890E-03  0.            001200
  0.            0.            0.            0.            0.            001110
  0.359160E-03  0.314125E-03  0.            0.            0.493042E-03  001101
  0.            0.            0.            0.            0.            001020
  0.            0.            0.            0.            0.            001011
  0.            0.            0.156820E-01  0.189659E-02  0.            001002
  0.            0.            0.172888E-04  0.124587E-03  0.            000300
  0.            0.            0.            0.            0.            000210
  0.312168E-03  0.691535E-05  0.            0.            0.166328E-03  000201
  0.            0.            0.            0.            0.            000120
  0.            0.            0.            0.            0.            000111
  0.            0.            0.966497E-02  0.481978E-02  0.            000102
  0.            0.            0.            0.            0.            000030
  0.            0.            0.            0.            0.            000021
  0.            0.            0.            0.            0.            000012
  0.383995E-01 -0.396979E-03  0.            0.            0.184698E-01  000003
-------------------------------------------------------------------------------
F8-F10
  0.199157E+01 -0.248495E+00  0.            0.           -0.330482E+00  100000
  0.597153E-01  0.494667E+00  0.            0.            0.687637E+00  010000
  0.            0.            0.213926E+01  0.178162E+00  0.            001000
  0.            0.           -0.210392E+00  0.449929E+00  0.            000100
  0.            0.            0.            0.            0.100000E+01  000010
  0.247762E+02 -0.131900E+00  0.            0.            0.816016E+02  000001
 -0.735303E-04 -0.383780E-04  0.            0.           -0.155876E-02  200000
 -0.220004E-03  0.616762E-04  0.            0.            0.920116E-03  110000
  0.            0.            0.418593E-03 -0.198743E-05  0.            101000
  0.            0.            0.485652E-03 -0.473969E-04  0.            100100
  0.            0.            0.            0.            0.            100010
  0.329016E-01  0.228479E-01  0.            0.           -0.183285E-01  100001
 -0.114745E-03  0.425642E-04  0.            0.           -0.185514E-02  020000
  0.            0.           -0.997930E-04  0.148120E-03  0.            011000
  0.            0.           -0.239364E-03 -0.135135E-04  0.            010100
  0.            0.            0.            0.            0.            010010
 -0.136816E+00  0.958399E-02  0.            0.            0.626923E-03  010001
 -0.335589E-03  0.220819E-04  0.            0.           -0.371572E-02  002000
 -0.385789E-04 -0.895438E-04  0.            0.           -0.156789E-02  001100
  0.            0.            0.            0.            0.            001010
  0.            0.           -0.831595E-01  0.554994E-01  0.            001001
 -0.116300E-03 -0.378438E-04  0.            0.           -0.352812E-02  000200
  0.            0.            0.            0.            0.            000110
  0.            0.           -0.270556E+00 -0.105006E-01  0.            000101
  0.            0.            0.            0.            0.            000020
  0.            0.            0.            0.            0.            000011
 -0.180558E+00  0.247806E+00  0.            0.           -0.138952E+01  000002
 -0.223282E-04 -0.971407E-05  0.            0.           -0.531001E-06  300000
  0.579434E-04  0.854709E-05  0.            0.           -0.220542E-05  210000
  0.            0.           -0.639013E-04 -0.533578E-04  0.            201000
  0.            0.            0.109708E-03  0.278329E-04  0.            200100
  0.            0.            0.            0.            0.            200010
 -0.571248E-03 -0.281021E-03  0.            0.            0.453259E-04  200001
 -0.145525E-04 -0.123124E-04  0.            0.           -0.485719E-05  120000
  0.            0.            0.193174E-03  0.336596E-04  0.            111000
  0.            0.            0.153239E-04 -0.426283E-04  0.            110100
  0.            0.            0.            0.            0.            110010
  0.906295E-03  0.156278E-03  0.            0.            0.582930E-04  110001
 -0.435965E-04 -0.461441E-04  0.            0.           -0.443582E-05  102000
  0.191885E-03  0.162086E-04  0.            0.           -0.156905E-04  101100
  0.            0.            0.            0.            0.            101010
  0.            0.           -0.100672E-02 -0.108704E-02  0.            101001
 -0.531357E-05 -0.270607E-04  0.            0.           -0.142903E-04  100200
  0.            0.            0.            0.            0.            100110
  0.            0.            0.158746E-02  0.463911E-03  0.            100101
  0.            0.            0.            0.            0.            100020
  0.            0.            0.            0.            0.            100011
 -0.691815E-02 -0.305133E-02  0.            0.            0.686992E-03  100002
  0.506173E-04 -0.523315E-05  0.            0.           -0.754124E-05  030000
  0.            0.            0.126747E-03 -0.326582E-04  0.            021000
  0.            0.            0.318645E-03  0.307455E-05  0.            020100
  0.            0.            0.            0.            0.            020010
 -0.635196E-04 -0.105893E-03  0.            0.            0.230195E-04  020001
  0.185279E-03 -0.137040E-04  0.            0.           -0.113455E-04  012000
  0.194286E-03 -0.714471E-04  0.            0.           -0.484741E-04  011100
  0.            0.            0.            0.            0.            011010
  0.            0.            0.187360E-02  0.476408E-04  0.            011001
  0.286913E-03 -0.352818E-04  0.            0.           -0.531899E-04  010200
  0.            0.            0.            0.            0.            010110
  0.            0.           -0.318799E-03 -0.451248E-03  0.            010101
  0.            0.            0.            0.            0.            010020
  0.            0.            0.            0.            0.            010011
  0.596479E-02 -0.845336E-03  0.            0.            0.762504E-03  010002
  0.            0.            0.819863E-04 -0.586486E-04  0.            003000
  0.            0.            0.421499E-03  0.648314E-06  0.            002100
  0.            0.            0.            0.            0.            002010
  0.172781E-03 -0.570363E-03  0.            0.            0.393859E-03  002001
  0.            0.            0.387272E-03 -0.564749E-04  0.            001200
  0.            0.            0.            0.            0.            001110
  0.184698E-02  0.115331E-03  0.            0.            0.569029E-03  001101
  0.            0.            0.            0.            0.            001020
  0.            0.            0.            0.            0.            001011
  0.            0.           -0.509926E-02 -0.102293E-01  0.            001002
  0.            0.            0.339609E-03  0.298718E-05  0.            000300
  0.            0.            0.            0.            0.            000210
 -0.249766E-03 -0.168866E-03  0.            0.            0.591462E-04  000201
  0.            0.            0.            0.            0.            000120
  0.            0.            0.            0.            0.            000111
  0.            0.            0.135323E-01 -0.422178E-02  0.            000102
  0.            0.            0.            0.            0.            000030
  0.            0.            0.            0.            0.            000021
  0.            0.            0.            0.            0.            000012
 -0.225631E-01 -0.161518E-01  0.            0.            0.251972E-01  000003
-------------------------------------------------------------------------------
F8-F11
 -0.980003E+00  0.965109E+00  0.            0.            0.139416E-01  100000
 -0.413714E-01 -0.979662E+00  0.            0.           -0.173787E-02  010000
  0.            0.           -0.947385E+00 -0.662609E+00  0.            001000
  0.            0.            0.156470E+00 -0.946101E+00  0.            000100
  0.            0.            0.            0.            0.100000E+01  000010
  0.406615E-01  0.213675E+00  0.            0.            0.124128E+03  000001
 -0.159067E-03  0.325405E-04  0.            0.           -0.297993E-02  200000
  0.323814E-03  0.187876E-05  0.            0.            0.295146E-02  110000
  0.            0.           -0.939122E-04 -0.399960E-03  0.            101000
  0.            0.           -0.345094E-03 -0.815189E-04  0.            100100
  0.            0.            0.            0.            0.            100010
 -0.560540E-01 -0.533314E-01  0.            0.           -0.714225E-01  100001
  0.217617E-05 -0.163954E-03  0.            0.           -0.311298E-02  020000
  0.            0.            0.849065E-05 -0.452632E-05  0.            011000
  0.            0.           -0.623009E-05 -0.120889E-04  0.            010100
  0.            0.            0.            0.            0.            010010
  0.110985E+00 -0.555149E-01  0.            0.           -0.151111E-02  010001
 -0.169298E-05 -0.159908E-03  0.            0.           -0.507381E-02  002000
  0.134432E-04  0.141283E-03  0.            0.           -0.340183E-02  001100
  0.            0.            0.            0.            0.            001010
  0.            0.            0.857974E-01 -0.131011E+00  0.            001001
  0.320246E-05  0.169932E-03  0.            0.           -0.608003E-02  000200
  0.            0.            0.            0.            0.            000110
  0.            0.            0.214966E+00  0.863060E-01  0.            000101
  0.            0.            0.            0.            0.            000020
  0.            0.            0.            0.            0.            000011
 -0.260730E-01 -0.629225E+00  0.            0.           -0.250929E+01  000002
  0.374032E-04  0.237796E-04  0.            0.            0.139083E-04  300000
 -0.954508E-04 -0.151810E-04  0.            0.           -0.122422E-04  210000
  0.            0.           -0.222092E-04  0.120051E-03  0.            201000
  0.            0.           -0.212807E-03 -0.146625E-03  0.            200100
  0.            0.            0.            0.            0.            200010
  0.282686E-03  0.523490E-03  0.            0.            0.603835E-03  200001
  0.622796E-04  0.334968E-04  0.            0.            0.143212E-04  120000
  0.            0.           -0.323878E-04 -0.526654E-04  0.            111000
  0.            0.            0.252923E-03  0.217935E-03  0.            110100
  0.            0.            0.            0.            0.            110010
 -0.507948E-03  0.741756E-05  0.            0.           -0.890278E-04  110001
  0.193016E-04  0.112116E-03  0.            0.            0.751189E-04  102000
 -0.379707E-04  0.417600E-04  0.            0.           -0.316187E-04  101100
  0.            0.            0.            0.            0.            101010
  0.            0.            0.636189E-04  0.290232E-02  0.            101001
  0.143187E-03  0.877906E-04  0.            0.            0.247848E-04  100200
  0.            0.            0.            0.            0.            100110
  0.            0.           -0.818405E-03 -0.108819E-02  0.            100101
  0.            0.            0.            0.            0.            100020
  0.            0.            0.            0.            0.            100011
  0.591159E-02  0.541315E-02  0.            0.            0.778943E-02  100002
 -0.432104E-04  0.222363E-04  0.            0.            0.102654E-06  030000
  0.            0.           -0.100002E-03  0.585665E-04  0.            021000
  0.            0.           -0.264687E-03 -0.949305E-04  0.            020100
  0.            0.            0.            0.            0.            020010
 -0.698892E-06  0.254949E-03  0.            0.            0.125550E-03  020001
 -0.119902E-03  0.103522E-03  0.            0.            0.232497E-04  012000
 -0.165874E-03  0.203074E-03  0.            0.            0.615828E-04  011100
  0.            0.            0.            0.            0.            011010
  0.            0.           -0.111121E-02  0.720970E-04  0.            011001
 -0.265625E-03  0.122161E-03  0.            0.           -0.225178E-05  010200
  0.            0.            0.            0.            0.            010110
  0.            0.            0.644548E-04  0.114273E-02  0.            010101
  0.            0.            0.            0.            0.            010020
  0.            0.            0.            0.            0.            010011
 -0.202973E-02  0.553293E-02  0.            0.            0.215587E-02  010002
  0.            0.           -0.745589E-04  0.157924E-03  0.            003000
  0.            0.           -0.243803E-03 -0.253883E-04  0.            002100
  0.            0.            0.            0.            0.            002010
 -0.319081E-03  0.172842E-02  0.            0.            0.129010E-02  002001
  0.            0.           -0.294988E-03  0.413491E-04  0.            001200
  0.            0.            0.            0.            0.            001110
 -0.105537E-02  0.586628E-03  0.            0.            0.147011E-03  001101
  0.            0.            0.            0.            0.            001020
  0.            0.            0.            0.            0.            001011
  0.            0.            0.121513E-01  0.326325E-01  0.            001002
  0.            0.           -0.300742E-03 -0.114420E-03  0.            000300
  0.            0.            0.            0.            0.            000210
  0.116726E-03  0.351166E-03  0.            0.            0.519635E-03  000201
  0.            0.            0.            0.            0.            000120
  0.            0.            0.            0.            0.            000111
  0.            0.           -0.117622E-01  0.117921E-01  0.            000102
  0.            0.            0.            0.            0.            000030
  0.            0.            0.            0.            0.            000021
  0.            0.            0.            0.            0.            000012
  0.370906E-01  0.341279E-01  0.            0.            0.720044E-01  000003
-------------------------------------------------------------------------------
F8-F11+1m
 -0.148944E-01  0.965109E+00  0.            0.            0.139416E-01  100000
 -0.102103E+01 -0.979662E+00  0.            0.           -0.173787E-02  010000
  0.            0.           -0.160999E+01 -0.662609E+00  0.            001000
  0.            0.           -0.789630E+00 -0.946101E+00  0.            000100
  0.            0.            0.            0.            0.100000E+01  000010
  0.254336E+00  0.213675E+00  0.            0.            0.127569E+03  000001
 -0.126527E-03  0.325405E-04  0.            0.           -0.324105E-02  200000
  0.325693E-03  0.187876E-05  0.            0.            0.348159E-02  110000
  0.            0.           -0.493872E-03 -0.399960E-03  0.            101000
  0.            0.           -0.426613E-03 -0.815189E-04  0.            100100
  0.            0.            0.            0.            0.            100010
 -0.119036E+00 -0.533314E-01  0.            0.           -0.715381E-01  100001
 -0.161778E-03 -0.163954E-03  0.            0.           -0.338205E-02  020000
  0.            0.            0.396433E-05 -0.452632E-05  0.            011000
  0.            0.           -0.183190E-04 -0.120889E-04  0.            010100
  0.            0.            0.            0.            0.            010010
  0.652665E-01 -0.555149E-01  0.            0.           -0.139374E-02  010001
 -0.161601E-03 -0.159908E-03  0.            0.           -0.519690E-02  002000
  0.154726E-03  0.141283E-03  0.            0.           -0.375333E-02  001100
  0.            0.            0.            0.            0.            001010
  0.            0.           -0.385877E-01 -0.131011E+00  0.            001001
  0.173134E-03  0.169932E-03  0.            0.           -0.633098E-02  000200
  0.            0.            0.            0.            0.            000110
  0.            0.            0.310733E+00  0.863060E-01  0.            000101
  0.            0.            0.            0.            0.            000020
  0.            0.            0.            0.            0.            000011
 -0.657435E+00 -0.629225E+00  0.            0.           -0.256093E+01  000002
  0.616323E-04  0.237796E-04  0.            0.            0.138907E-04  300000
 -0.112001E-03 -0.151810E-04  0.            0.           -0.122253E-04  210000
  0.            0.            0.975337E-04  0.120051E-03  0.            201000
  0.            0.           -0.359873E-03 -0.146625E-03  0.            200100
  0.            0.            0.            0.            0.            200010
  0.806149E-03  0.523490E-03  0.            0.            0.639516E-03  200001
  0.971658E-04  0.334968E-04  0.            0.            0.144110E-04  120000
  0.            0.           -0.844267E-04 -0.526654E-04  0.            111000
  0.            0.            0.471752E-03  0.217935E-03  0.            110100
  0.            0.            0.            0.            0.            110010
 -0.501155E-03  0.741756E-05  0.            0.           -0.102138E-03  110001
  0.131629E-03  0.112116E-03  0.            0.            0.750568E-04  102000
  0.439439E-05  0.417600E-04  0.            0.           -0.319377E-04  101100
  0.            0.            0.            0.            0.            101010
  0.            0.            0.296980E-02  0.290232E-02  0.            101001
  0.231409E-03  0.877906E-04  0.            0.            0.246496E-04  100200
  0.            0.            0.            0.            0.            100110
  0.            0.           -0.190597E-02 -0.108819E-02  0.            100101
  0.            0.            0.            0.            0.            100020
  0.            0.            0.            0.            0.            100011
  0.119843E-01  0.541315E-02  0.            0.            0.813934E-02  100002
 -0.214442E-04  0.222363E-04  0.            0.            0.125938E-07  030000
  0.            0.           -0.417539E-04  0.585665E-04  0.            021000
  0.            0.           -0.360072E-03 -0.949305E-04  0.            020100
  0.            0.            0.            0.            0.            020010
  0.256197E-03  0.254949E-03  0.            0.            0.102108E-03  020001
 -0.165953E-04  0.103522E-03  0.            0.            0.231601E-04  012000
  0.365862E-04  0.203074E-03  0.            0.            0.616535E-04  011100
  0.            0.            0.            0.            0.            011010
  0.            0.           -0.103893E-02  0.720970E-04  0.            011001
 -0.143902E-03  0.122161E-03  0.            0.           -0.216485E-05  010200
  0.            0.            0.            0.            0.            010110
  0.            0.            0.120750E-02  0.114273E-02  0.            010101
  0.            0.            0.            0.            0.            010020
  0.            0.            0.            0.            0.            010011
  0.393025E-02  0.553293E-02  0.            0.            0.181382E-02  010002
  0.            0.            0.832195E-04  0.157924E-03  0.            003000
  0.            0.           -0.269814E-03 -0.253883E-04  0.            002100
  0.            0.            0.            0.            0.            002010
  0.141099E-02  0.172842E-02  0.            0.            0.124466E-02  002001
  0.            0.           -0.254528E-03  0.413491E-04  0.            001200
  0.            0.            0.            0.            0.            001110
 -0.470017E-03  0.586628E-03  0.            0.            0.118747E-03  001101
  0.            0.            0.            0.            0.            001020
  0.            0.            0.            0.            0.            001011
  0.            0.            0.460073E-01  0.326325E-01  0.            001002
  0.            0.           -0.415585E-03 -0.114420E-03  0.            000300
  0.            0.            0.            0.            0.            000210
  0.466288E-03  0.351166E-03  0.            0.            0.571958E-03  000201
  0.            0.            0.            0.            0.            000120
  0.            0.            0.            0.            0.            000111
  0.            0.           -0.956737E-03  0.117921E-01  0.            000102
  0.            0.            0.            0.            0.            000030
  0.            0.            0.            0.            0.            000021
  0.            0.            0.            0.            0.            000012
  0.775387E-01  0.341279E-01  0.            0.            0.728741E-01  000003
-------------------------------------------------------------------------------
F9-F9.5
 -0.810364E-02 -0.269297E+00  0.            0.            0.            100000
  0.371310E+01 -0.938961E-02  0.            0.            0.            010000
  0.            0.            0.273619E-01 -0.384781E+00  0.            001000
  0.            0.            0.259688E+01  0.282111E-01  0.            000100
  0.            0.            0.            0.            0.100000E+01  000010
  0.            0.            0.            0.            0.196182E+02  000001
  0.            0.            0.            0.           -0.100804E-03  200000
  0.            0.            0.            0.            0.652138E-04  110000
  0.            0.            0.            0.            0.            101000
  0.            0.            0.            0.            0.            100100
  0.            0.            0.            0.            0.            100010
  0.133415E-01 -0.346973E-03  0.            0.            0.            100001
  0.            0.            0.            0.           -0.138938E-02  020000
  0.            0.            0.            0.            0.            011000
  0.            0.            0.            0.            0.            010100
  0.            0.            0.            0.            0.            010010
 -0.391699E-02  0.133569E-01  0.            0.            0.            010001
  0.            0.            0.            0.           -0.285923E-03  002000
  0.            0.            0.            0.           -0.946941E-03  001100
  0.            0.            0.            0.            0.            001010
  0.            0.            0.260227E-01  0.678607E-02  0.            001001
  0.            0.            0.            0.           -0.186083E-02  000200
  0.            0.            0.            0.            0.            000110
  0.            0.            0.420411E-01  0.260162E-01  0.            000101
  0.            0.            0.            0.            0.            000020
  0.            0.            0.            0.            0.            000011
  0.            0.            0.            0.           -0.294272E+00  000002
 -0.101026E-05 -0.178406E-06  0.            0.            0.            300000
 -0.753871E-05 -0.177358E-05  0.            0.            0.            210000
  0.            0.           -0.497845E-05 -0.186073E-05  0.            201000
  0.            0.           -0.118635E-04 -0.463421E-05  0.            200100
  0.            0.            0.            0.            0.            200010
  0.            0.            0.            0.            0.262033E-05  200001
 -0.249429E-04 -0.750099E-05  0.            0.            0.            120000
  0.            0.           -0.303587E-04 -0.118160E-04  0.            111000
  0.            0.           -0.753630E-04 -0.303369E-04  0.            110100
  0.            0.            0.            0.            0.            110010
  0.            0.            0.            0.            0.545708E-06  110001
 -0.735053E-05 -0.159795E-05  0.            0.            0.            102000
 -0.350828E-04 -0.794455E-05  0.            0.            0.            101100
  0.            0.            0.            0.            0.            101010
  0.            0.            0.            0.            0.            101001
 -0.437530E-04 -0.102116E-04  0.            0.            0.            100200
  0.            0.            0.            0.            0.            100110
  0.            0.            0.            0.            0.            100101
  0.            0.            0.            0.            0.            100020
  0.            0.            0.            0.            0.            100011
 -0.172846E-03  0.229398E-04  0.            0.            0.            100002
 -0.351890E-04 -0.140987E-04  0.            0.            0.            030000
  0.            0.           -0.648557E-04 -0.260278E-04  0.            021000
  0.            0.           -0.165956E-03 -0.696013E-04  0.            020100
  0.            0.            0.            0.            0.            020010
  0.            0.            0.            0.            0.362179E-04  020001
 -0.224954E-04 -0.685578E-05  0.            0.            0.            012000
 -0.111821E-03 -0.351385E-04  0.            0.            0.            011100
  0.            0.            0.            0.            0.            011010
  0.            0.            0.            0.            0.            011001
 -0.143741E-03 -0.470536E-04  0.            0.            0.            010200
  0.            0.            0.            0.            0.            010110
  0.            0.            0.            0.            0.            010101
  0.            0.            0.            0.            0.            010020
  0.            0.            0.            0.            0.            010011
 -0.351619E-03 -0.173073E-03  0.            0.            0.            010002
  0.            0.           -0.635869E-05 -0.245614E-05  0.            003000
  0.            0.           -0.470128E-04 -0.185332E-04  0.            002100
  0.            0.            0.            0.            0.            002010
  0.            0.            0.            0.            0.116703E-04  002001
  0.            0.           -0.118288E-03 -0.470476E-04  0.            001200
  0.            0.            0.            0.            0.            001110
  0.            0.            0.            0.            0.510184E-04  001101
  0.            0.            0.            0.            0.            001020
  0.            0.            0.            0.            0.            001011
  0.            0.           -0.533417E-03 -0.105565E-03  0.            001002
  0.            0.           -0.100060E-03 -0.406430E-04  0.            000300
  0.            0.            0.            0.            0.            000210
  0.            0.            0.            0.            0.750444E-04  000201
  0.            0.            0.            0.            0.            000120
  0.            0.            0.            0.            0.            000111
  0.            0.           -0.165345E-02 -0.533350E-03  0.            000102
  0.            0.            0.            0.            0.            000030
  0.            0.            0.            0.            0.            000021
  0.            0.            0.            0.            0.            000012
  0.            0.            0.            0.            0.452575E-02  000003
-------------------------------------------------------------------------------
F9-F10
 -0.999146E+00  0.517103E-02  0.            0.            0.            100000
 -0.651728E-01 -0.100052E+01  0.            0.            0.            010000
  0.            0.           -0.998908E+00 -0.217092E-01  0.            001000
  0.            0.            0.144604E+00 -0.997951E+00  0.            000100
  0.            0.            0.            0.            0.100000E+01  000010
  0.            0.            0.            0.            0.392363E+02  000001
  0.            0.            0.            0.           -0.201456E-03  200000
  0.            0.            0.            0.           -0.322628E-06  110000
  0.            0.            0.            0.            0.            101000
  0.            0.            0.            0.            0.            100100
  0.            0.            0.            0.            0.            100010
 -0.462572E-03 -0.718958E-02  0.            0.            0.            100001
  0.            0.            0.            0.           -0.278191E-02  020000
  0.            0.            0.            0.            0.            011000
  0.            0.            0.            0.            0.            010100
  0.            0.            0.            0.            0.            010010
  0.991444E-01 -0.518876E-03  0.            0.            0.            010001
  0.            0.            0.            0.           -0.551673E-03  002000
  0.            0.            0.            0.           -0.200383E-05  001100
  0.            0.            0.            0.            0.            001010
  0.            0.            0.288120E-02 -0.196368E-01  0.            001001
  0.            0.            0.            0.           -0.385954E-02  000200
  0.            0.            0.            0.            0.            000110
  0.            0.            0.137523E+00  0.295300E-02  0.            000101
  0.            0.            0.            0.            0.            000020
  0.            0.            0.            0.            0.            000011
  0.            0.            0.            0.           -0.588545E+00  000002
  0.490912E-07  0.554395E-06  0.            0.            0.            300000
 -0.132895E-04  0.297903E-07  0.            0.            0.            210000
  0.            0.           -0.402156E-06  0.377833E-05  0.            201000
  0.            0.           -0.251087E-04 -0.690874E-06  0.            200100
  0.            0.            0.            0.            0.            200010
  0.            0.            0.            0.            0.478120E-05  200001
  0.230133E-06  0.133084E-04  0.            0.            0.            120000
  0.            0.           -0.596740E-04 -0.515430E-09  0.            111000
  0.            0.            0.592780E-07  0.596181E-04  0.            110100
  0.            0.            0.            0.            0.            110010
  0.            0.            0.            0.           -0.335076E-07  110001
 -0.400382E-06  0.378824E-05  0.            0.            0.            102000
 -0.595198E-04  0.177342E-07  0.            0.            0.            101100
  0.            0.            0.            0.            0.            101010
  0.            0.            0.            0.            0.            101001
  0.597594E-05  0.251477E-04  0.            0.            0.            100200
  0.            0.            0.            0.            0.            100110
  0.            0.            0.            0.            0.            100101
  0.            0.            0.            0.            0.            100020
  0.            0.            0.            0.            0.            100011
  0.362075E-03  0.834705E-04  0.            0.            0.            100002
 -0.102752E-03  0.744336E-06  0.            0.            0.            030000
  0.            0.           -0.928055E-05  0.476955E-04  0.            021000
  0.            0.           -0.365540E-03 -0.557709E-05  0.            020100
  0.            0.            0.            0.            0.            020010
  0.            0.            0.            0.            0.788047E-04  020001
 -0.477618E-04  0.895222E-06  0.            0.            0.            012000
 -0.843963E-06  0.596070E-04  0.            0.            0.            011100
  0.            0.            0.            0.            0.            011010
  0.            0.            0.            0.            0.            011001
 -0.365568E-03 -0.245182E-05  0.            0.            0.            010200
  0.            0.            0.            0.            0.            010110
  0.            0.            0.            0.            0.            010101
  0.            0.            0.            0.            0.            010020
  0.            0.            0.            0.            0.            010011
 -0.138105E-02  0.363676E-03  0.            0.            0.            010002
  0.            0.           -0.131898E-05  0.450533E-05  0.            003000
  0.            0.           -0.935872E-04 -0.373934E-07  0.            002100
  0.            0.            0.            0.            0.            002010
  0.            0.            0.            0.            0.408630E-04  002001
  0.            0.           -0.393596E-06  0.934943E-04  0.            001200
  0.            0.            0.            0.            0.            001110
  0.            0.            0.            0.           -0.536607E-05  001101
  0.            0.            0.            0.            0.            001020
  0.            0.            0.            0.            0.            001011
  0.            0.            0.129544E-02  0.757733E-03  0.            001002
  0.            0.           -0.228925E-03 -0.935561E-05  0.            000300
  0.            0.            0.            0.            0.            000210
  0.            0.            0.            0.            0.273063E-04  000201
  0.            0.            0.            0.            0.            000120
  0.            0.            0.            0.            0.            000111
  0.            0.           -0.675417E-03  0.129341E-02  0.            000102
  0.            0.            0.            0.            0.            000030
  0.            0.            0.            0.            0.            000021
  0.            0.            0.            0.            0.            000012
  0.            0.            0.            0.            0.905149E-02  000003
-------------------------------------------------------------------------------
F9-F11
  0.494509E+00 -0.244153E+00  0.            0.           -0.627557E-02  100000
  0.561491E-01  0.199448E+01  0.            0.            0.139428E+01  010000
  0.            0.            0.450698E+00  0.176391E+00  0.            001000
  0.            0.           -0.200800E+00  0.214019E+01  0.            000100
  0.            0.            0.            0.            0.100000E+01  000010
  0.123031E+02 -0.584806E+01  0.            0.            0.816016E+02  000001
 -0.256027E-04  0.112492E-04  0.            0.           -0.380862E-03  200000
  0.167622E-03  0.126319E-03  0.            0.            0.983119E-03  110000
  0.            0.            0.267344E-04 -0.357115E-04  0.            101000
  0.            0.           -0.179430E-03 -0.181265E-03  0.            100100
  0.            0.            0.            0.            0.            100010
  0.817881E-02  0.233881E-01  0.            0.            0.897542E-02  100001
 -0.228446E-03 -0.218071E-03  0.            0.           -0.773681E-02  020000
  0.            0.           -0.236287E-04  0.299364E-03  0.            011000
  0.            0.           -0.500821E-03 -0.217181E-03  0.            010100
  0.            0.            0.            0.            0.            010010
 -0.133336E+00  0.355002E-01  0.            0.            0.219297E-02  010001
 -0.349751E-04 -0.377368E-05  0.            0.           -0.753422E-03  002000
  0.190880E-05 -0.102146E-03  0.            0.           -0.580330E-03  001100
  0.            0.            0.            0.            0.            001010
  0.            0.           -0.939893E-02  0.548358E-01  0.            001001
 -0.264001E-03  0.555426E-03  0.            0.           -0.166606E-01  000200
  0.            0.            0.            0.            0.            000110
  0.            0.           -0.274435E+00 -0.872056E-01  0.            000101
  0.            0.            0.            0.            0.            000020
  0.            0.            0.            0.            0.            000011
  0.994047E-01  0.128371E+00  0.            0.           -0.127864E+01  000002
 -0.607843E-06 -0.191715E-05  0.            0.           -0.103496E-05  300000
  0.198226E-04 -0.306457E-05  0.            0.           -0.185968E-05  210000
  0.            0.            0.169297E-05 -0.109405E-04  0.            201000
  0.            0.            0.476453E-04  0.155072E-04  0.            200100
  0.            0.            0.            0.            0.            200010
 -0.550393E-04 -0.227105E-04  0.            0.            0.190456E-04  200001
 -0.593648E-04 -0.510206E-04  0.            0.           -0.245399E-04  120000
  0.            0.            0.401995E-04 -0.348270E-05  0.            111000
  0.            0.           -0.321675E-03 -0.315312E-03  0.            110100
  0.            0.            0.            0.            0.            110010
  0.551349E-03  0.170050E-03  0.            0.           -0.743649E-04  110001
  0.184776E-05 -0.114894E-04  0.            0.           -0.726590E-05  102000
  0.420594E-04 -0.265227E-04  0.            0.           -0.716605E-05  101100
  0.            0.            0.            0.            0.            101010
  0.            0.           -0.258976E-04 -0.134288E-04  0.            101001
 -0.191701E-03 -0.117808E-03  0.            0.           -0.412132E-04  100200
  0.            0.            0.            0.            0.            100110
  0.            0.            0.161765E-02  0.763374E-03  0.            100101
  0.            0.            0.            0.            0.            100020
  0.            0.            0.            0.            0.            100011
 -0.253320E-02 -0.634279E-03  0.            0.            0.326480E-04  100002
  0.205032E-03 -0.233394E-04  0.            0.           -0.605077E-05  030000
  0.            0.            0.156836E-04 -0.134635E-03  0.            021000
  0.            0.            0.126960E-02  0.482053E-03  0.            020100
  0.            0.            0.            0.            0.            020010
 -0.158113E-02 -0.351809E-03  0.            0.            0.821605E-04  020001
  0.311245E-04 -0.241386E-04  0.            0.           -0.663863E-05  012000
  0.177027E-05 -0.173357E-03  0.            0.           -0.107804E-03  011100
  0.            0.            0.            0.            0.            011010
  0.            0.            0.688774E-04  0.465813E-04  0.            011001
  0.141246E-02  0.625351E-04  0.            0.           -0.206458E-04  010200
  0.            0.            0.            0.            0.            010110
  0.            0.           -0.836563E-02 -0.387423E-02  0.            010101
  0.            0.            0.            0.            0.            010020
  0.            0.            0.            0.            0.            010011
  0.752024E-02 -0.461253E-03  0.            0.           -0.671810E-03  010002
  0.            0.            0.307540E-05 -0.125445E-04  0.            003000
  0.            0.            0.555900E-04 -0.530428E-05  0.            002100
  0.            0.            0.            0.            0.            002010
 -0.106635E-05 -0.370887E-05  0.            0.            0.358785E-04  002001
  0.            0.           -0.150830E-04 -0.267425E-03  0.            001200
  0.            0.            0.            0.            0.            001110
  0.129863E-03  0.797315E-04  0.            0.           -0.555009E-03  001101
  0.            0.            0.            0.            0.            001020
  0.            0.            0.            0.            0.            001011
  0.            0.           -0.605681E-02 -0.388706E-02  0.            001002
  0.            0.            0.166268E-02  0.714358E-03  0.            000300
  0.            0.            0.            0.            0.            000210
 -0.475629E-02 -0.129440E-02  0.            0.            0.536105E-03  000201
  0.            0.            0.            0.            0.            000120
  0.            0.            0.            0.            0.            000111
  0.            0.            0.243693E-01  0.482209E-02  0.            000102
  0.            0.            0.            0.            0.            000030
  0.            0.            0.            0.            0.            000021
  0.            0.            0.            0.            0.            000012
 -0.154816E-01 -0.627600E-02  0.            0.            0.211449E-01  000003
-------------------------------------------------------------------------------
F9-F11+1m
  0.250356E+00 -0.244153E+00  0.            0.           -0.627557E-02  100000
  0.205063E+01  0.199448E+01  0.            0.            0.139428E+01  010000
  0.            0.            0.627089E+00  0.176391E+00  0.            001000
  0.            0.            0.193939E+01  0.214019E+01  0.            000100
  0.            0.            0.            0.            0.100000E+01  000010
  0.645504E+01 -0.584806E+01  0.            0.            0.850433E+02  000001
 -0.143535E-04  0.112492E-04  0.            0.           -0.397574E-03  200000
  0.293942E-03  0.126319E-03  0.            0.            0.125616E-02  110000
  0.            0.           -0.897702E-05 -0.357115E-04  0.            101000
  0.            0.           -0.360695E-03 -0.181265E-03  0.            100100
  0.            0.            0.            0.            0.            100010
  0.340084E-01  0.233881E-01  0.            0.            0.817483E-02  100001
 -0.446517E-03 -0.218071E-03  0.            0.           -0.885204E-02  020000
  0.            0.            0.275736E-03  0.299364E-03  0.            011000
  0.            0.           -0.718002E-03 -0.217181E-03  0.            010100
  0.            0.            0.            0.            0.            010010
 -0.117781E+00  0.355002E-01  0.            0.            0.873293E-02  010001
 -0.387488E-04 -0.377368E-05  0.            0.           -0.762145E-03  002000
 -0.100237E-03 -0.102146E-03  0.            0.           -0.792002E-03  001100
  0.            0.            0.            0.            0.            001010
  0.            0.            0.436729E-01  0.548358E-01  0.            001001
  0.291425E-03  0.555426E-03  0.            0.           -0.179447E-01  000200
  0.            0.            0.            0.            0.            000110
  0.            0.           -0.383042E+00 -0.872056E-01  0.            000101
  0.            0.            0.            0.            0.            000020
  0.            0.            0.            0.            0.            000011
  0.286257E+00  0.128371E+00  0.            0.           -0.133985E+01  000002
 -0.253227E-05 -0.191715E-05  0.            0.           -0.103342E-05  300000
  0.169364E-04 -0.306457E-05  0.            0.           -0.185497E-05  210000
  0.            0.           -0.924232E-05 -0.109405E-04  0.            201000
  0.            0.            0.632163E-04  0.155072E-04  0.            200100
  0.            0.            0.            0.            0.            200010
 -0.783852E-04 -0.227105E-04  0.            0.            0.227211E-04  200001
 -0.111842E-03 -0.510206E-04  0.            0.           -0.247110E-04  120000
  0.            0.            0.366309E-04 -0.348270E-05  0.            111000
  0.            0.           -0.638030E-03 -0.315312E-03  0.            110100
  0.            0.            0.            0.            0.            110010
  0.728679E-03  0.170050E-03  0.            0.           -0.102383E-03  110001
 -0.964545E-05 -0.114894E-04  0.            0.           -0.726288E-05  102000
  0.154446E-04 -0.265227E-04  0.            0.           -0.711926E-05  101100
  0.            0.            0.            0.            0.            101010
  0.            0.           -0.387175E-04 -0.134288E-04  0.            101001
 -0.310068E-03 -0.117808E-03  0.            0.           -0.409197E-04  100200
  0.            0.            0.            0.            0.            100110
  0.            0.            0.238590E-02  0.763374E-03  0.            100101
  0.            0.            0.            0.            0.            100020
  0.            0.            0.            0.            0.            100011
 -0.344580E-02 -0.634279E-03  0.            0.            0.147838E-03  100002
  0.185659E-03 -0.233394E-04  0.            0.           -0.580690E-05  030000
  0.            0.           -0.118601E-03 -0.134635E-03  0.            021000
  0.            0.            0.175591E-02  0.482053E-03  0.            020100
  0.            0.            0.            0.            0.            020010
 -0.196565E-02 -0.351809E-03  0.            0.            0.708952E-04  020001
  0.701696E-05 -0.241386E-04  0.            0.           -0.666401E-05  012000
 -0.170834E-03 -0.173357E-03  0.            0.           -0.108027E-03  011100
  0.            0.            0.            0.            0.            011010
  0.            0.            0.110408E-03  0.465813E-04  0.            011001
  0.147956E-02  0.625351E-04  0.            0.           -0.210063E-04  010200
  0.            0.            0.            0.            0.            010110
  0.            0.           -0.122627E-01 -0.387423E-02  0.            010101
  0.            0.            0.            0.            0.            010020
  0.            0.            0.            0.            0.            010011
  0.706696E-02 -0.461253E-03  0.            0.           -0.869907E-03  010002
  0.            0.           -0.946633E-05 -0.125445E-04  0.            003000
  0.            0.            0.503856E-04 -0.530428E-05  0.            002100
  0.            0.            0.            0.            0.            002010
 -0.482847E-05 -0.370887E-05  0.            0.            0.306707E-04  002001
  0.            0.           -0.281296E-03 -0.267425E-03  0.            001200
  0.            0.            0.            0.            0.            001110
  0.208409E-03  0.797315E-04  0.            0.           -0.606990E-03  001101
  0.            0.            0.            0.            0.            001020
  0.            0.            0.            0.            0.            001011
  0.            0.           -0.104662E-01 -0.388706E-02  0.            001002
  0.            0.            0.238194E-02  0.714358E-03  0.            000300
  0.            0.            0.            0.            0.            000210
 -0.606965E-02 -0.129440E-02  0.            0.            0.676139E-03  000201
  0.            0.            0.            0.            0.            000120
  0.            0.            0.            0.            0.            000111
  0.            0.            0.303797E-01  0.482209E-02  0.            000102
  0.            0.            0.            0.            0.            000030
  0.            0.            0.            0.            0.            000021
  0.            0.            0.            0.            0.            000012
 -0.239056E-01 -0.627600E-02  0.            0.            0.226104E-01  000003
-------------------------------------------------------------------------------
F9.5-F10
 -0.816922E-02 -0.269484E+00  0.            0.            0.            100000
  0.371045E+01 -0.110927E-01  0.            0.            0.            010000
  0.            0.            0.274605E-01 -0.384604E+00  0.            001000
  0.            0.            0.259800E+01  0.290703E-01  0.            000100
  0.            0.            0.            0.            0.100000E+01  000010
  0.            0.            0.            0.            0.196182E+02  000001
  0.            0.            0.            0.           -0.100830E-03  200000
  0.            0.            0.            0.            0.645859E-04  110000
  0.            0.            0.            0.            0.            101000
  0.            0.            0.            0.            0.            100100
  0.            0.            0.            0.            0.            100010
  0.133355E-01 -0.350308E-03  0.            0.            0.            100001
  0.            0.            0.            0.           -0.138975E-02  020000
  0.            0.            0.            0.            0.            011000
  0.            0.            0.            0.            0.            010100
  0.            0.            0.            0.            0.            010010
 -0.386901E-02  0.133716E-01  0.            0.            0.            010001
  0.            0.            0.            0.           -0.285876E-03  002000
  0.            0.            0.            0.           -0.946627E-03  001100
  0.            0.            0.            0.            0.            001010
  0.            0.            0.260283E-01  0.678965E-02  0.            001001
  0.            0.            0.            0.           -0.186080E-02  000200
  0.            0.            0.            0.            0.            000110
  0.            0.            0.420390E-01  0.260185E-01  0.            000101
  0.            0.            0.            0.            0.            000020
  0.            0.            0.            0.            0.            000011
  0.            0.            0.            0.           -0.294272E+00  000002
 -0.100981E-05 -0.178191E-06  0.            0.            0.            300000
 -0.753885E-05 -0.177352E-05  0.            0.            0.            210000
  0.            0.           -0.498140E-05 -0.186217E-05  0.            201000
  0.            0.           -0.118713E-04 -0.463801E-05  0.            200100
  0.            0.            0.            0.            0.            200010
  0.            0.            0.            0.            0.261958E-05  200001
 -0.249570E-04 -0.750800E-05  0.            0.            0.            120000
  0.            0.           -0.303849E-04 -0.118282E-04  0.            111000
  0.            0.           -0.754342E-04 -0.303709E-04  0.            110100
  0.            0.            0.            0.            0.            110010
  0.            0.            0.            0.            0.567184E-06  110001
 -0.734755E-05 -0.159657E-05  0.            0.            0.            102000
 -0.350710E-04 -0.793900E-05  0.            0.            0.            101100
  0.            0.            0.            0.            0.            101010
  0.            0.            0.            0.            0.            101001
 -0.437421E-04 -0.102063E-04  0.            0.            0.            100200
  0.            0.            0.            0.            0.            100110
  0.            0.            0.            0.            0.            100101
  0.            0.            0.            0.            0.            100020
  0.            0.            0.            0.            0.            100011
 -0.172669E-03  0.229995E-04  0.            0.            0.            100002
 -0.352290E-04 -0.141183E-04  0.            0.            0.            030000
  0.            0.           -0.649171E-04 -0.260563E-04  0.            021000
  0.            0.           -0.166128E-03 -0.696836E-04  0.            020100
  0.            0.            0.            0.            0.            020010
  0.            0.            0.            0.            0.362551E-04  020001
 -0.224929E-04 -0.685453E-05  0.            0.            0.            012000
 -0.111819E-03 -0.351369E-04  0.            0.            0.            011100
  0.            0.            0.            0.            0.            011010
  0.            0.            0.            0.            0.            011001
 -0.143755E-03 -0.470599E-04  0.            0.            0.            010200
  0.            0.            0.            0.            0.            010110
  0.            0.            0.            0.            0.            010101
  0.            0.            0.            0.            0.            010020
  0.            0.            0.            0.            0.            010011
 -0.352353E-03 -0.173211E-03  0.            0.            0.            010002
  0.            0.           -0.636065E-05 -0.245718E-05  0.            003000
  0.            0.           -0.470285E-04 -0.185414E-04  0.            002100
  0.            0.            0.            0.            0.            002010
  0.            0.            0.            0.            0.116694E-04  002001
  0.            0.           -0.118331E-03 -0.470697E-04  0.            001200
  0.            0.            0.            0.            0.            001110
  0.            0.            0.            0.            0.510025E-04  001101
  0.            0.            0.            0.            0.            001020
  0.            0.            0.            0.            0.            001011
  0.            0.           -0.533590E-03 -0.105630E-03  0.            001002
  0.            0.           -0.100100E-03 -0.406632E-04  0.            000300
  0.            0.            0.            0.            0.            000210
  0.            0.            0.            0.            0.750229E-04  000201
  0.            0.            0.            0.            0.            000120
  0.            0.            0.            0.            0.            000111
  0.            0.           -0.165378E-02 -0.533522E-03  0.            000102
  0.            0.            0.            0.            0.            000030
  0.            0.            0.            0.            0.            000021
  0.            0.            0.            0.            0.            000012
  0.            0.            0.            0.            0.452575E-02  000003
-------------------------------------------------------------------------------
F9.5-F11
  0.104775E-01  0.539400E+00  0.            0.            0.375535E+00  100000
 -0.183662E+01  0.890402E+00  0.            0.            0.120030E-01  010000
  0.            0.           -0.645494E-01  0.828481E+00  0.            001000
  0.            0.           -0.117590E+01 -0.399506E+00  0.            000100
  0.            0.            0.            0.            0.100000E+01  000010
  0.123031E+02 -0.584806E+01  0.            0.            0.619834E+02  000001
 -0.169931E-04 -0.161330E-04  0.            0.           -0.462665E-03  200000
 -0.168385E-03 -0.124564E-03  0.            0.           -0.909589E-03  110000
  0.            0.           -0.514334E-04 -0.195656E-04  0.            101000
  0.            0.            0.135319E-04 -0.211779E-03  0.            100100
  0.            0.            0.            0.            0.            100010
 -0.293592E-01  0.677140E-02  0.            0.            0.906240E-03  100001
 -0.347958E-03  0.158881E-03  0.            0.           -0.383397E-02  020000
  0.            0.            0.255123E-03  0.263328E-03  0.            011000
  0.            0.            0.275629E-03 -0.319582E-03  0.            010100
  0.            0.            0.            0.            0.            010010
 -0.266021E-01 -0.614766E-01  0.            0.           -0.147670E-01  010001
 -0.390941E-04  0.811223E-04  0.            0.           -0.218759E-02  002000
 -0.234023E-05  0.114236E-03  0.            0.           -0.609180E-03  001100
  0.            0.            0.            0.            0.            001010
  0.            0.           -0.927743E-01 -0.419425E-01  0.            001001
 -0.236197E-03 -0.177750E-04  0.            0.           -0.318984E-02  000200
  0.            0.            0.            0.            0.            000110
  0.            0.           -0.727439E-02 -0.965100E-01  0.            000101
  0.            0.            0.            0.            0.            000020
  0.            0.            0.            0.            0.            000011
  0.994047E-01  0.128371E+00  0.            0.           -0.984366E+00  000002
  0.355571E-05  0.181141E-06  0.            0.            0.153508E-06  300000
  0.196188E-04  0.835120E-05  0.            0.            0.406721E-05  210000
  0.            0.            0.331578E-04  0.165828E-04  0.            201000
  0.            0.            0.611954E-05  0.185002E-04  0.            200100
  0.            0.            0.            0.            0.            200010
 -0.115497E-03 -0.255350E-04  0.            0.            0.570538E-05  200001
  0.609752E-04  0.955249E-05  0.            0.            0.369472E-05  120000
  0.            0.            0.137800E-03  0.101104E-03  0.            111000
  0.            0.            0.729916E-04  0.515638E-04  0.            110100
  0.            0.            0.            0.            0.            110010
 -0.547379E-03 -0.172813E-03  0.            0.            0.576402E-04  110001
  0.530437E-04  0.713333E-05  0.            0.            0.119452E-05  102000
  0.236498E-04  0.232500E-04  0.            0.            0.177555E-04  101100
  0.            0.            0.            0.            0.            101010
  0.            0.           -0.872409E-03 -0.402329E-03  0.            101001
  0.356158E-04 -0.872756E-05  0.            0.            0.498142E-05  100200
  0.            0.            0.            0.            0.            100110
  0.            0.           -0.115021E-03 -0.656269E-04  0.            100101
  0.            0.            0.            0.            0.            100020
  0.            0.            0.            0.            0.            100011
  0.202507E-02  0.202954E-03  0.            0.           -0.914769E-04  100002
  0.455074E-04  0.618349E-04  0.            0.            0.333437E-04  030000
  0.            0.            0.215326E-03  0.118606E-03  0.            021000
  0.            0.            0.426647E-04  0.277984E-03  0.            020100
  0.            0.            0.            0.            0.            020010
 -0.749860E-03 -0.314560E-03  0.            0.            0.188224E-03  020001
  0.112739E-03  0.466201E-04  0.            0.            0.132890E-04  012000
  0.118365E-03  0.688592E-06  0.            0.            0.215848E-04  011100
  0.            0.            0.            0.            0.            011010
  0.            0.           -0.229238E-02 -0.107965E-02  0.            011001
  0.321506E-04  0.153161E-03  0.            0.            0.113877E-03  010200
  0.            0.            0.            0.            0.            010110
  0.            0.           -0.388809E-03 -0.203224E-03  0.            010101
  0.            0.            0.            0.            0.            010020
  0.            0.            0.            0.            0.            010011
  0.776239E-02  0.249353E-02  0.            0.           -0.294571E-03  010002
  0.            0.            0.913143E-04  0.437156E-04  0.            003000
  0.            0.            0.477749E-04  0.803207E-04  0.            002100
  0.            0.            0.            0.            0.            002010
 -0.701443E-03 -0.194691E-03  0.            0.            0.141906E-03  002001
  0.            0.            0.852290E-04  0.742366E-04  0.            001200
  0.            0.            0.            0.            0.            001110
 -0.230033E-03 -0.951807E-04  0.            0.            0.385706E-03  001101
  0.            0.            0.            0.            0.            001020
  0.            0.            0.            0.            0.            001011
  0.            0.            0.105622E-01  0.389604E-02  0.            001002
  0.            0.            0.977028E-05  0.149838E-03  0.            000300
  0.            0.            0.            0.            0.            000210
 -0.281237E-04 -0.246590E-04  0.            0.            0.583102E-04  000201
  0.            0.            0.            0.            0.            000120
  0.            0.            0.            0.            0.            000111
  0.            0.            0.105015E-01  0.480152E-02  0.            000102
  0.            0.            0.            0.            0.            000030
  0.            0.            0.            0.            0.            000021
  0.            0.            0.            0.            0.            000012
 -0.154816E-01 -0.627600E-02  0.            0.            0.166191E-01  000003
-------------------------------------------------------------------------------
F9.5-F11+1m
  0.549878E+00  0.539400E+00  0.            0.            0.375535E+00  100000
 -0.946213E+00  0.890402E+00  0.            0.            0.120030E-01  010000
  0.            0.            0.763932E+00  0.828481E+00  0.            001000
  0.            0.           -0.157541E+01 -0.399506E+00  0.            000100
  0.            0.            0.            0.            0.100000E+01  000010
  0.645504E+01 -0.584806E+01  0.            0.            0.654252E+02  000001
 -0.331262E-04 -0.161330E-04  0.            0.           -0.544234E-03  200000
 -0.292949E-03 -0.124564E-03  0.            0.           -0.117889E-02  110000
  0.            0.           -0.709990E-04 -0.195656E-04  0.            101000
  0.            0.           -0.198247E-03 -0.211779E-03  0.            100100
  0.            0.            0.            0.            0.            100010
 -0.279818E-01  0.677140E-02  0.            0.            0.267495E-02  100001
 -0.189077E-03  0.158881E-03  0.            0.           -0.405624E-02  020000
  0.            0.            0.518451E-03  0.263328E-03  0.            011000
  0.            0.           -0.439530E-04 -0.319582E-03  0.            010100
  0.            0.            0.            0.            0.            010010
 -0.969827E-01 -0.614766E-01  0.            0.           -0.118474E-01  010001
  0.420283E-04  0.811223E-04  0.            0.           -0.238002E-02  002000
  0.111896E-03  0.114236E-03  0.            0.           -0.423597E-03  001100
  0.            0.            0.            0.            0.            001010
  0.            0.           -0.143002E+00 -0.419425E-01  0.            001001
 -0.253972E-03 -0.177750E-04  0.            0.           -0.323459E-02  000200
  0.            0.            0.            0.            0.            000110
  0.            0.           -0.997893E-01 -0.965100E-01  0.            000101
  0.            0.            0.            0.            0.            000020
  0.            0.            0.            0.            0.            000011
  0.286257E+00  0.128371E+00  0.            0.           -0.104558E+01  000002
  0.381532E-05  0.181141E-06  0.            0.            0.158387E-06  300000
  0.283586E-04  0.835120E-05  0.            0.            0.411294E-05  210000
  0.            0.            0.498611E-04  0.165828E-04  0.            201000
  0.            0.            0.245617E-04  0.185002E-04  0.            200100
  0.            0.            0.            0.            0.            200010
 -0.143423E-03 -0.255350E-04  0.            0.            0.573660E-05  200001
  0.711691E-04  0.955249E-05  0.            0.            0.370886E-05  120000
  0.            0.            0.239302E-03  0.101104E-03  0.            111000
  0.            0.            0.124364E-03  0.515638E-04  0.            110100
  0.            0.            0.            0.            0.            110010
 -0.727373E-03 -0.172813E-03  0.            0.            0.794833E-04  110001
  0.603622E-04  0.713333E-05  0.            0.            0.117908E-05  102000
  0.467213E-04  0.232500E-04  0.            0.            0.178149E-04  101100
  0.            0.            0.            0.            0.            101010
  0.            0.           -0.127716E-02 -0.402329E-03  0.            101001
  0.269313E-04 -0.872756E-05  0.            0.            0.493936E-05  100200
  0.            0.            0.            0.            0.            100110
  0.            0.           -0.177270E-03 -0.656269E-04  0.            100101
  0.            0.            0.            0.            0.            100020
  0.            0.            0.            0.            0.            100011
  0.225847E-02  0.202954E-03  0.            0.           -0.154329E-03  100002
  0.107695E-03  0.618349E-04  0.            0.            0.332644E-04  030000
  0.            0.            0.334261E-03  0.118606E-03  0.            021000
  0.            0.            0.320491E-03  0.277984E-03  0.            020100
  0.            0.            0.            0.            0.            020010
 -0.107296E-02 -0.314560E-03  0.            0.            0.225247E-03  020001
  0.159664E-03  0.466201E-04  0.            0.            0.131262E-04  012000
  0.118758E-03  0.688592E-06  0.            0.            0.217352E-04  011100
  0.            0.            0.            0.            0.            011010
  0.            0.           -0.337897E-02 -0.107965E-02  0.            011001
  0.185383E-03  0.153161E-03  0.            0.            0.113814E-03  010200
  0.            0.            0.            0.            0.            010110
  0.            0.           -0.586757E-03 -0.203224E-03  0.            010101
  0.            0.            0.            0.            0.            010020
  0.            0.            0.            0.            0.            010011
  0.110327E-01  0.249353E-02  0.            0.           -0.636558E-03  010002
  0.            0.            0.135314E-03  0.437156E-04  0.            003000
  0.            0.            0.127684E-03  0.803207E-04  0.            002100
  0.            0.            0.            0.            0.            002010
 -0.898952E-03 -0.194691E-03  0.            0.            0.166685E-03  002001
  0.            0.            0.159664E-03  0.742366E-04  0.            001200
  0.            0.            0.            0.            0.            001110
 -0.324420E-03 -0.951807E-04  0.            0.            0.416667E-03  001101
  0.            0.            0.            0.            0.            001020
  0.            0.            0.            0.            0.            001011
  0.            0.            0.150001E-01  0.389604E-02  0.            001002
  0.            0.            0.159577E-03  0.149838E-03  0.            000300
  0.            0.            0.            0.            0.            000210
 -0.530716E-04 -0.246590E-04  0.            0.            0.378028E-04  000201
  0.            0.            0.            0.            0.            000120
  0.            0.            0.            0.            0.            000111
  0.            0.            0.162091E-01  0.480152E-02  0.            000102
  0.            0.            0.            0.            0.            000030
  0.            0.            0.            0.            0.            000021
  0.            0.            0.            0.            0.            000012
 -0.239056E-01 -0.627600E-02  0.            0.            0.180847E-01  000003
-------------------------------------------------------------------------------
F10-F11
 -0.495055E+00  0.233966E+00  0.            0.           -0.931080E-03  100000
 -0.238726E-01 -0.200869E+01  0.            0.           -0.139350E+01  010000
  0.            0.           -0.454133E+00 -0.129568E+00  0.            001000
  0.            0.            0.135408E+00 -0.216336E+01  0.            000100
  0.            0.            0.            0.            0.100000E+01  000010
  0.123031E+02 -0.584806E+01  0.            0.            0.423652E+02  000001
 -0.247681E-04  0.119086E-04  0.            0.           -0.174636E-03  200000
  0.168488E-03  0.122514E-03  0.            0.            0.954975E-03  110000
  0.            0.            0.305250E-04 -0.301503E-04  0.            101000
  0.            0.           -0.178063E-03 -0.187226E-03  0.            100100
  0.            0.            0.            0.            0.            100010
 -0.734645E-02 -0.911754E-02  0.            0.            0.103617E-02  100001
 -0.239080E-03 -0.225876E-03  0.            0.           -0.501124E-02  020000
  0.            0.           -0.146896E-04  0.305273E-03  0.            011000
  0.            0.           -0.491832E-03 -0.161369E-03  0.            010100
  0.            0.            0.            0.            0.            010010
  0.847017E-01 -0.106618E-01  0.            0.           -0.162891E-02  010001
 -0.349976E-04 -0.128350E-05  0.            0.           -0.194427E-03  002000
  0.325246E-05 -0.126683E-03  0.            0.           -0.777279E-04  001100
  0.            0.            0.            0.            0.            001010
  0.            0.            0.809740E-03 -0.140691E-01  0.            001001
 -0.263880E-03  0.539380E-03  0.            0.           -0.128609E-01  000200
  0.            0.            0.            0.            0.            000110
  0.            0.            0.212935E+00  0.610895E-01  0.            000101
  0.            0.            0.            0.            0.            000020
  0.            0.            0.            0.            0.            000011
  0.994047E-01  0.128371E+00  0.            0.           -0.690093E+00  000002
  0.504188E-06  0.816406E-06  0.            0.            0.272407E-06  300000
 -0.127526E-04 -0.125780E-07  0.            0.            0.184066E-05  210000
  0.            0.           -0.312216E-06  0.308779E-05  0.            201000
  0.            0.           -0.348139E-04 -0.939046E-05  0.            200100
  0.            0.            0.            0.            0.            200010
 -0.535009E-04 -0.227441E-04  0.            0.            0.700528E-05  200001
  0.581684E-04  0.242865E-04  0.            0.            0.582717E-05  120000
  0.            0.           -0.199940E-04  0.717703E-05  0.            111000
  0.            0.            0.320592E-03  0.184655E-03  0.            110100
  0.            0.            0.            0.            0.            110010
  0.540350E-03  0.174872E-03  0.            0.           -0.385946E-04  110001
 -0.141337E-05  0.358404E-05  0.            0.            0.185242E-05  102000
 -0.209375E-04  0.109249E-04  0.            0.            0.759144E-05  101100
  0.            0.            0.            0.            0.            101010
  0.            0.           -0.560948E-04 -0.278277E-04  0.            101001
  0.179615E-03  0.697751E-04  0.            0.            0.738066E-05  100200
  0.            0.            0.            0.            0.            100110
  0.            0.            0.157753E-02  0.737992E-03  0.            100101
  0.            0.            0.            0.            0.            100020
  0.            0.            0.            0.            0.            100011
  0.170791E-02  0.624815E-03  0.            0.           -0.136745E-03  100002
 -0.157678E-03 -0.377502E-05  0.            0.            0.471383E-05  030000
  0.            0.            0.202584E-04  0.412394E-04  0.            021000
  0.            0.           -0.112346E-02 -0.428999E-03  0.            020100
  0.            0.            0.            0.            0.            020010
 -0.159785E-02 -0.350215E-03  0.            0.            0.103379E-03  020001
 -0.789450E-05  0.965651E-05  0.            0.            0.476562E-05  012000
  0.498240E-04  0.617787E-04  0.            0.            0.245898E-04  011100
  0.            0.            0.            0.            0.            011010
  0.            0.            0.266804E-03  0.132571E-03  0.            011001
 -0.124036E-02 -0.139353E-03  0.            0.            0.275418E-04  010200
  0.            0.            0.            0.            0.            010110
  0.            0.           -0.846418E-02 -0.388604E-02  0.            010101
  0.            0.            0.            0.            0.            010020
  0.            0.            0.            0.            0.            010011
 -0.772485E-02 -0.153073E-02  0.            0.            0.278656E-03  010002
  0.            0.           -0.154271E-05  0.260936E-05  0.            003000
  0.            0.           -0.171603E-04  0.148366E-04  0.            002100
  0.            0.            0.            0.            0.            002010
 -0.617326E-05 -0.354013E-05  0.            0.            0.875459E-05  002001
  0.            0.            0.125119E-03  0.112936E-03  0.            001200
  0.            0.            0.            0.            0.            001110
  0.335757E-03  0.112737E-03  0.            0.           -0.117571E-03  001101
  0.            0.            0.            0.            0.            001020
  0.            0.            0.            0.            0.            001011
  0.            0.            0.189175E-02  0.103972E-02  0.            001002
  0.            0.           -0.155113E-02 -0.652498E-03  0.            000300
  0.            0.            0.            0.            0.            000210
 -0.472678E-02 -0.129748E-02  0.            0.            0.414645E-03  000201
  0.            0.            0.            0.            0.            000120
  0.            0.            0.            0.            0.            000111
  0.            0.           -0.229207E-01 -0.915552E-02  0.            000102
  0.            0.            0.            0.            0.            000030
  0.            0.            0.            0.            0.            000021
  0.            0.            0.            0.            0.            000012
 -0.154816E-01 -0.627600E-02  0.            0.            0.120934E-01  000003
-------------------------------------------------------------------------------
F10-F11+1m
 -0.261089E+00  0.233966E+00  0.            0.           -0.931080E-03  100000
 -0.203257E+01 -0.200869E+01  0.            0.           -0.139350E+01  010000
  0.            0.           -0.583701E+00 -0.129568E+00  0.            001000
  0.            0.           -0.202796E+01 -0.216336E+01  0.            000100
  0.            0.            0.            0.            0.100000E+01  000010
  0.645504E+01 -0.584806E+01  0.            0.            0.458070E+02  000001
 -0.128595E-04  0.119086E-04  0.            0.           -0.189982E-03  200000
  0.291002E-03  0.122514E-03  0.            0.            0.121849E-02  110000
  0.            0.            0.374716E-06 -0.301503E-04  0.            101000
  0.            0.           -0.365289E-03 -0.187226E-03  0.            100100
  0.            0.            0.            0.            0.            100010
 -0.188036E-01 -0.911754E-02  0.            0.            0.180335E-02  100001
 -0.464956E-03 -0.225876E-03  0.            0.           -0.614242E-02  020000
  0.            0.            0.290583E-03  0.305273E-03  0.            011000
  0.            0.           -0.653200E-03 -0.161369E-03  0.            010100
  0.            0.            0.            0.            0.            010010
  0.941268E-01 -0.106618E-01  0.            0.           -0.821547E-02  010001
 -0.362811E-04 -0.128350E-05  0.            0.           -0.199133E-03  002000
 -0.123431E-03 -0.126683E-03  0.            0.           -0.234894E-03  001100
  0.            0.            0.            0.            0.            001010
  0.            0.           -0.119637E-01 -0.140691E-01  0.            001001
  0.275499E-03  0.539380E-03  0.            0.           -0.141730E-01  000200
  0.            0.            0.            0.            0.            000110
  0.            0.            0.295658E+00  0.610895E-01  0.            000101
  0.            0.            0.            0.            0.            000020
  0.            0.            0.            0.            0.            000011
  0.286257E+00  0.128371E+00  0.            0.           -0.751308E+00  000002
  0.132700E-05  0.816406E-06  0.            0.            0.270845E-06  300000
 -0.129301E-04 -0.125780E-07  0.            0.            0.183800E-05  210000
  0.            0.            0.277202E-05  0.308779E-05  0.            201000
  0.            0.           -0.442636E-04 -0.939046E-05  0.            200100
  0.            0.            0.            0.            0.            200010
 -0.768442E-04 -0.227441E-04  0.            0.            0.864155E-05  200001
  0.838709E-04  0.242865E-04  0.            0.            0.599479E-05  120000
  0.            0.           -0.127561E-04  0.717703E-05  0.            111000
  0.            0.            0.506264E-03  0.184655E-03  0.            110100
  0.            0.            0.            0.            0.            110010
  0.722242E-03  0.174872E-03  0.            0.           -0.539508E-04  110001
  0.217263E-05  0.358404E-05  0.            0.            0.185040E-05  102000
 -0.994705E-05  0.109249E-04  0.            0.            0.755788E-05  101100
  0.            0.            0.            0.            0.            101010
  0.            0.           -0.834437E-04 -0.278277E-04  0.            101001
  0.249938E-03  0.697751E-04  0.            0.            0.708279E-05  100200
  0.            0.            0.            0.            0.            100110
  0.            0.            0.232036E-02  0.737992E-03  0.            100101
  0.            0.            0.            0.            0.            100020
  0.            0.            0.            0.            0.            100011
  0.246648E-02  0.624815E-03  0.            0.           -0.203535E-03  100002
 -0.165505E-03 -0.377502E-05  0.            0.            0.445943E-05  030000
  0.            0.            0.612364E-04  0.412394E-04  0.            021000
  0.            0.           -0.155683E-02 -0.428999E-03  0.            020100
  0.            0.            0.            0.            0.            020010
 -0.198120E-02 -0.350215E-03  0.            0.            0.120197E-03  020001
  0.174515E-05  0.965651E-05  0.            0.            0.478635E-05  012000
  0.111040E-03  0.617787E-04  0.            0.            0.248056E-04  011100
  0.            0.            0.            0.            0.            011010
  0.            0.            0.394799E-03  0.132571E-03  0.            011001
 -0.138441E-02 -0.139353E-03  0.            0.            0.279536E-04  010200
  0.            0.            0.            0.            0.            010110
  0.            0.           -0.123740E-01 -0.388604E-02  0.            010101
  0.            0.            0.            0.            0.            010020
  0.            0.            0.            0.            0.            010011
 -0.951453E-02 -0.153073E-02  0.            0.            0.560439E-03  010002
  0.            0.            0.106556E-05  0.260936E-05  0.            003000
  0.            0.           -0.237815E-05  0.148366E-04  0.            002100
  0.            0.            0.            0.            0.            002010
 -0.974965E-05 -0.354013E-05  0.            0.            0.785130E-05  002001
  0.            0.            0.237145E-03  0.112936E-03  0.            001200
  0.            0.            0.            0.            0.            001110
  0.448122E-03  0.112737E-03  0.            0.           -0.126506E-03  001101
  0.            0.            0.            0.            0.            001020
  0.            0.            0.            0.            0.            001011
  0.            0.            0.305301E-02  0.103972E-02  0.            001002
  0.            0.           -0.220869E-02 -0.652498E-03  0.            000300
  0.            0.            0.            0.            0.            000210
 -0.604334E-02 -0.129748E-02  0.            0.            0.524811E-03  000201
  0.            0.            0.            0.            0.            000120
  0.            0.            0.            0.            0.            000111
  0.            0.           -0.330068E-01 -0.915552E-02  0.            000102
  0.            0.            0.            0.            0.            000030
  0.            0.            0.            0.            0.            000021
  0.            0.            0.            0.            0.            000012
 -0.239056E-01 -0.627600E-02  0.            0.            0.135589E-01  000003
-------------------------------------------------------------------------------
