Ref. Par.:   286   90
Brho89: 7.8423 Tm
Brho9M: 7.8423 Tm
BrhoMT: 7.8423 Tm
BrhoTE: 7.8423 Tm
                                      unit: mm,mrad,dp/p(%)
F8-F9
 -0.158119E+01 -0.240917E+00  0.            0.           -0.170615E-01  100000
  0.247846E+01 -0.254805E+00  0.            0.            0.114572E+01  010000
  0.            0.           -0.388811E+01 -0.506572E+00  0.            001000
  0.            0.            0.109695E+01 -0.114276E+00  0.            000100
  0.            0.            0.            0.            0.100000E+01  000010
 -0.315478E+02 -0.499917E+01  0.            0.            0.423292E+02  000001
  0.880080E-04  0.151192E-04  0.            0.           -0.201927E-03  200000
  0.428081E-03 -0.105379E-04  0.            0.           -0.940489E-04  110000
  0.            0.           -0.324942E-03 -0.637087E-04  0.            101000
  0.            0.           -0.341584E-03 -0.169797E-04  0.            100100
  0.            0.            0.            0.            0.            100010
  0.242249E-01 -0.816308E-03  0.            0.           -0.373637E-04  100001
  0.184230E-03  0.183683E-05  0.            0.           -0.164469E-02  020000
  0.            0.            0.746731E-03 -0.609610E-04  0.            011000
  0.            0.            0.793797E-03  0.986733E-04  0.            010100
  0.            0.            0.            0.            0.            010010
  0.105753E+00  0.134888E-01  0.            0.           -0.100979E-01  010001
  0.589430E-03  0.635306E-04  0.            0.           -0.861170E-03  002000
 -0.236048E-03  0.317166E-04  0.            0.           -0.121738E-02  001100
  0.            0.            0.            0.            0.            001010
  0.            0.            0.111674E+00  0.616643E-02  0.            001001
  0.858351E-04  0.313116E-04  0.            0.           -0.172519E-02  000200
  0.            0.            0.            0.            0.            000110
  0.            0.            0.256280E+00  0.283681E-01  0.            000101
  0.            0.            0.            0.            0.            000020
  0.            0.            0.            0.            0.            000011
  0.406702E+00  0.153176E-01  0.            0.           -0.672447E+00  000002
 -0.194512E-05 -0.105202E-06  0.            0.           -0.334776E-06  300000
 -0.178716E-04 -0.129731E-05  0.            0.           -0.264686E-05  210000
  0.            0.           -0.200370E-04 -0.205838E-05  0.            201000
  0.            0.           -0.454894E-04 -0.476124E-05  0.            200100
  0.            0.            0.            0.            0.            200010
 -0.285099E-05 -0.161551E-06  0.            0.            0.488803E-05  200001
 -0.718581E-04 -0.603850E-05  0.            0.           -0.941843E-05  120000
  0.            0.           -0.120803E-03 -0.125720E-04  0.            111000
  0.            0.           -0.284602E-03 -0.299865E-04  0.            110100
  0.            0.            0.            0.            0.            110010
 -0.165625E-04 -0.155952E-05  0.            0.            0.169821E-04  110001
 -0.150402E-04 -0.937953E-06  0.            0.           -0.251736E-05  102000
 -0.661336E-04 -0.432632E-05  0.            0.           -0.110228E-04  101100
  0.            0.            0.            0.            0.            101010
  0.            0.            0.971329E-05  0.190721E-05  0.            101001
 -0.775939E-04 -0.522989E-05  0.            0.           -0.124859E-04  100200
  0.            0.            0.            0.            0.            100110
  0.            0.            0.204868E-04  0.372813E-05  0.            100101
  0.            0.            0.            0.            0.            100020
  0.            0.            0.            0.            0.            100011
 -0.171423E-03  0.287201E-04  0.            0.            0.352734E-04  100002
 -0.120286E-03 -0.113112E-04  0.            0.           -0.136891E-04  030000
  0.            0.           -0.250204E-03 -0.261958E-04  0.            021000
  0.            0.           -0.611368E-03 -0.648778E-04  0.            020100
  0.            0.            0.            0.            0.            020010
 -0.281905E-04  0.563095E-06  0.            0.            0.524661E-04  020001
 -0.548241E-04 -0.441673E-05  0.            0.           -0.728085E-05  012000
 -0.249978E-03 -0.206162E-04  0.            0.           -0.334601E-04  011100
  0.            0.            0.            0.            0.            011010
  0.            0.            0.128441E-04  0.777058E-05  0.            011001
 -0.304099E-03 -0.256449E-04  0.            0.           -0.397841E-04  010200
  0.            0.            0.            0.            0.            010110
  0.            0.           -0.228111E-04  0.549974E-05  0.            010101
  0.            0.            0.            0.            0.            010020
  0.            0.            0.            0.            0.            010011
 -0.269236E-02 -0.166360E-03  0.            0.            0.305349E-03  010002
  0.            0.           -0.234103E-04 -0.230096E-05  0.            003000
  0.            0.           -0.163126E-03 -0.172243E-04  0.            002100
  0.            0.            0.            0.            0.            002010
 -0.402489E-04 -0.244978E-05  0.            0.            0.419579E-04  002001
  0.            0.           -0.365753E-03 -0.379924E-04  0.            001200
  0.            0.            0.            0.            0.            001110
 -0.638476E-04 -0.689303E-05  0.            0.            0.117608E-03  001101
  0.            0.            0.            0.            0.            001020
  0.            0.            0.            0.            0.            001011
  0.            0.           -0.204354E-02 -0.506046E-04  0.            001002
  0.            0.           -0.292205E-03 -0.309161E-04  0.            000300
  0.            0.            0.            0.            0.            000210
  0.140244E-04 -0.106079E-05  0.            0.            0.819363E-04  000201
  0.            0.            0.            0.            0.            000120
  0.            0.            0.            0.            0.            000111
  0.            0.           -0.724752E-02 -0.461589E-03  0.            000102
  0.            0.            0.            0.            0.            000030
  0.            0.            0.            0.            0.            000021
  0.            0.            0.            0.            0.            000012
 -0.625999E-02 -0.153119E-03  0.            0.            0.109658E-01  000003
-------------------------------------------------------------------------------
F8-F9.5
 -0.205394E+01  0.678555E-02  0.            0.           -0.170615E-01  100000
 -0.662765E-01 -0.486651E+00  0.            0.            0.114572E+01  010000
  0.            0.           -0.563968E+01  0.132096E-01  0.            001000
  0.            0.            0.389387E+00 -0.178227E+00  0.            000100
  0.            0.            0.            0.            0.100000E+01  000010
 -0.419796E+02 -0.942616E-02  0.            0.            0.619310E+02  000001
  0.123204E-03  0.909296E-06  0.            0.           -0.312458E-03  200000
  0.162454E-03 -0.588610E-04  0.            0.           -0.572522E-04  110000
  0.            0.           -0.571190E-03 -0.133970E-04  0.            101000
  0.            0.           -0.366859E-03  0.198352E-04  0.            100100
  0.            0.            0.            0.            0.            100010
  0.644150E-02 -0.541023E-02  0.            0.           -0.454218E-02  100001
  0.103019E-03 -0.205356E-04  0.            0.           -0.203186E-02  020000
  0.            0.            0.343709E-03 -0.109906E-03  0.            011000
  0.            0.            0.112921E-02 -0.591853E-05  0.            010100
  0.            0.            0.            0.            0.            010010
  0.152139E+00 -0.220341E-02  0.            0.           -0.958179E-02  010001
  0.629136E-03 -0.223079E-04  0.            0.           -0.237788E-02  002000
  0.450128E-04  0.519552E-04  0.            0.           -0.922938E-03  001100
  0.            0.            0.            0.            0.            001010
  0.            0.            0.114265E+00 -0.156378E-01  0.            001001
  0.206228E-03  0.133553E-04  0.            0.           -0.178209E-02  000200
  0.            0.            0.            0.            0.            000110
  0.            0.            0.357667E+00 -0.336908E-02  0.            000101
  0.            0.            0.            0.            0.            000020
  0.            0.            0.            0.            0.            000011
  0.261710E+00 -0.758839E-01  0.            0.           -0.101241E+01  000002
  0.415162E-05  0.187009E-05  0.            0.           -0.321635E-06  300000
 -0.294784E-04 -0.267978E-05  0.            0.           -0.262422E-05  210000
  0.            0.            0.262045E-04  0.196619E-04  0.            201000
  0.            0.           -0.689483E-04 -0.202705E-05  0.            200100
  0.            0.            0.            0.            0.            200010
  0.341995E-03  0.104448E-03  0.            0.            0.917358E-05  200001
 -0.564268E-04  0.708187E-05  0.            0.           -0.950133E-05  120000
  0.            0.           -0.238547E-03 -0.251153E-04  0.            111000
  0.            0.           -0.367029E-03  0.101297E-04  0.            110100
  0.            0.            0.            0.            0.            110010
 -0.564577E-03 -0.153611E-03  0.            0.            0.235859E-04  110001
  0.156070E-03  0.536373E-04  0.            0.           -0.274799E-05  102000
 -0.109000E-03 -0.116443E-04  0.            0.           -0.112071E-04  101100
  0.            0.            0.            0.            0.            101010
  0.            0.            0.214589E-02  0.776286E-03  0.            101001
 -0.623124E-04  0.657453E-05  0.            0.           -0.124358E-04  100200
  0.            0.            0.            0.            0.            100110
  0.            0.           -0.306672E-03 -0.120119E-03  0.            100101
  0.            0.            0.            0.            0.            100020
  0.            0.            0.            0.            0.            100011
  0.730946E-02  0.217935E-02  0.            0.            0.207091E-03  100002
 -0.123353E-03  0.494108E-05  0.            0.           -0.137231E-04  030000
  0.            0.           -0.301321E-03  0.162655E-04  0.            021000
  0.            0.           -0.823021E-03  0.103488E-04  0.            020100
  0.            0.            0.            0.            0.            020010
  0.219639E-03  0.659799E-04  0.            0.            0.575675E-04  020001
 -0.185075E-03 -0.346036E-04  0.            0.           -0.708717E-05  012000
 -0.191403E-03  0.261079E-04  0.            0.           -0.328444E-04  011100
  0.            0.            0.            0.            0.            011010
  0.            0.           -0.152359E-02 -0.553793E-03  0.            011001
 -0.290995E-03  0.159277E-04  0.            0.           -0.398261E-04  010200
  0.            0.            0.            0.            0.            010110
  0.            0.            0.263381E-03  0.955443E-04  0.            010101
  0.            0.            0.            0.            0.            010020
  0.            0.            0.            0.            0.            010011
 -0.795560E-02 -0.124143E-02  0.            0.            0.489492E-03  010002
  0.            0.            0.164534E-03  0.729594E-04  0.            003000
  0.            0.           -0.308767E-03 -0.299761E-04  0.            002100
  0.            0.            0.            0.            0.            002010
  0.337144E-02  0.106565E-02  0.            0.            0.161775E-03  002001
  0.            0.           -0.471189E-03  0.129357E-04  0.            001200
  0.            0.            0.            0.            0.            001110
 -0.114035E-02 -0.326056E-03  0.            0.            0.286169E-03  001101
  0.            0.            0.            0.            0.            001020
  0.            0.            0.            0.            0.            001011
  0.            0.            0.204629E-01  0.837537E-02  0.            001002
  0.            0.           -0.391168E-03  0.558087E-05  0.            000300
  0.            0.            0.            0.            0.            000210
  0.862880E-04  0.235656E-04  0.            0.            0.639680E-04  000201
  0.            0.            0.            0.            0.            000120
  0.            0.            0.            0.            0.            000111
  0.            0.           -0.111292E-01 -0.275393E-03  0.            000102
  0.            0.            0.            0.            0.            000030
  0.            0.            0.            0.            0.            000021
  0.            0.            0.            0.            0.            000012
  0.468141E-01  0.155820E-01  0.            0.            0.173379E-01  000003
-------------------------------------------------------------------------------
F8-F10
 -0.150726E+01  0.246977E+00  0.            0.           -0.170615E-01  100000
 -0.257935E+01 -0.240808E+00  0.            0.            0.114572E+01  010000
  0.            0.           -0.377008E+01  0.530194E+00  0.            001000
  0.            0.           -0.567757E+00 -0.185401E+00  0.            000100
  0.            0.            0.            0.            0.100000E+01  000010
 -0.315762E+02  0.497218E+01  0.            0.            0.815329E+02  000001
  0.972545E-04 -0.141422E-04  0.            0.           -0.421849E-03  200000
 -0.183950E-03 -0.493365E-04  0.            0.           -0.846959E-04  110000
  0.            0.           -0.450648E-03  0.413335E-04  0.            101000
  0.            0.           -0.156625E-03  0.504127E-04  0.            100100
  0.            0.            0.            0.            0.            100010
 -0.326089E-01 -0.458842E-02  0.            0.           -0.901999E-02  100001
 -0.293740E-04 -0.227067E-04  0.            0.           -0.242089E-02  020000
  0.            0.           -0.279734E-03 -0.123865E-03  0.            011000
  0.            0.            0.739581E-03 -0.108906E-03  0.            010100
  0.            0.            0.            0.            0.            010010
  0.122454E+00 -0.227073E-01  0.            0.           -0.103791E-01  010001
  0.356534E-03 -0.859874E-04  0.            0.           -0.388555E-02  002000
  0.303865E-03  0.212111E-04  0.            0.           -0.787756E-03  001100
  0.            0.            0.            0.            0.            001010
  0.            0.           -0.350063E-01 -0.323303E-01  0.            001001
  0.224300E-03 -0.176256E-04  0.            0.           -0.182803E-02  000200
  0.            0.            0.            0.            0.            000110
  0.            0.            0.234821E+00 -0.361705E-01  0.            000101
  0.            0.            0.            0.            0.            000020
  0.            0.            0.            0.            0.            000011
 -0.382404E+00 -0.925401E-01  0.            0.           -0.135230E+01  000002
  0.172043E-04  0.190429E-05  0.            0.           -0.308456E-06  300000
 -0.260641E-04  0.579137E-05  0.            0.           -0.260561E-05  210000
  0.            0.            0.160782E-03  0.339211E-04  0.            201000
  0.            0.           -0.555916E-04  0.501521E-05  0.            200100
  0.            0.            0.            0.            0.            200010
  0.107087E-02  0.102321E-03  0.            0.            0.126919E-04  200001
  0.290352E-05  0.135955E-04  0.            0.           -0.958214E-05  120000
  0.            0.           -0.199238E-03  0.327459E-04  0.            111000
  0.            0.           -0.200727E-03  0.429540E-04  0.            110100
  0.            0.            0.            0.            0.            110010
 -0.805449E-03  0.139882E-03  0.            0.            0.328616E-04  110001
  0.536294E-03  0.535225E-04  0.            0.           -0.299328E-05  102000
 -0.138101E-03  0.862740E-05  0.            0.           -0.113816E-04  101100
  0.            0.            0.            0.            0.            101010
  0.            0.            0.719414E-02  0.127299E-02  0.            101001
 -0.125261E-04  0.107818E-04  0.            0.           -0.123956E-04  100200
  0.            0.            0.            0.            0.            100110
  0.            0.           -0.742573E-03 -0.577132E-04  0.            100101
  0.            0.            0.            0.            0.            100020
  0.            0.            0.            0.            0.            100011
  0.228090E-01  0.206975E-02  0.            0.            0.352954E-03  100002
 -0.646846E-04  0.182009E-04  0.            0.           -0.137539E-04  030000
  0.            0.           -0.939599E-04  0.554082E-04  0.            021000
  0.            0.           -0.510311E-03  0.847632E-04  0.            020100
  0.            0.            0.            0.            0.            020010
  0.684304E-03  0.756930E-04  0.            0.            0.674483E-04  020001
 -0.216648E-03  0.414553E-04  0.            0.           -0.697221E-05  012000
 -0.424067E-05  0.375570E-04  0.            0.           -0.322173E-04  011100
  0.            0.            0.            0.            0.            011010
  0.            0.           -0.195794E-02  0.334903E-03  0.            011001
 -0.135703E-03  0.426745E-04  0.            0.           -0.398296E-04  010200
  0.            0.            0.            0.            0.            010110
  0.            0.            0.660821E-03  0.715405E-04  0.            010101
  0.            0.            0.            0.            0.            010020
  0.            0.            0.            0.            0.            010011
 -0.756367E-02  0.200124E-02  0.            0.            0.737166E-03  010002
  0.            0.            0.651516E-03  0.122166E-03  0.            003000
  0.            0.           -0.341099E-03  0.706124E-05  0.            002100
  0.            0.            0.            0.            0.            002010
  0.109717E-01  0.106781E-02  0.            0.            0.266980E-03  002001
  0.            0.           -0.259434E-03  0.543291E-04  0.            001200
  0.            0.            0.            0.            0.            001110
 -0.246446E-02  0.325315E-05  0.            0.            0.463715E-03  001101
  0.            0.            0.            0.            0.            001020
  0.            0.            0.            0.            0.            001011
  0.            0.            0.768364E-01  0.138356E-01  0.            001002
  0.            0.           -0.239720E-03  0.406904E-04  0.            000300
  0.            0.            0.            0.            0.            000210
  0.189658E-03  0.273999E-05  0.            0.            0.557360E-04  000201
  0.            0.            0.            0.            0.            000120
  0.            0.            0.            0.            0.            000111
  0.            0.           -0.601980E-02  0.150111E-02  0.            000102
  0.            0.            0.            0.            0.            000030
  0.            0.            0.            0.            0.            000021
  0.            0.            0.            0.            0.            000012
  0.161937E+00  0.149500E-01  0.            0.            0.235021E-01  000003
-------------------------------------------------------------------------------
F8-F11
  0.998106E+00 -0.259132E-01  0.            0.           -0.310455E-01  100000
  0.632868E-01  0.100025E+01  0.            0.            0.229456E+01  010000
  0.            0.            0.101075E+01 -0.153119E+00  0.            001000
  0.            0.           -0.137471E+00  0.101019E+01  0.            000100
  0.            0.            0.            0.            0.100000E+01  000010
  0.408708E+02 -0.506496E+00  0.            0.            0.123926E+03  000001
 -0.121817E-03 -0.179275E-05  0.            0.           -0.629961E-03  200000
  0.359785E-05  0.243837E-03  0.            0.            0.352955E-03  110000
  0.            0.            0.211776E-03 -0.177080E-04  0.            101000
  0.            0.            0.582618E-05 -0.210132E-03  0.            100100
  0.            0.            0.            0.            0.            100010
 -0.226263E-02  0.222960E-01  0.            0.            0.221844E-03  100001
 -0.958650E-04  0.841656E-05  0.            0.           -0.405936E-02  020000
  0.            0.           -0.471316E-04  0.124839E-02  0.            011000
  0.            0.           -0.411175E-03 -0.603980E-04  0.            010100
  0.            0.            0.            0.            0.            010010
 -0.144845E+00  0.744173E-02  0.            0.           -0.961877E-02  010001
 -0.625650E-03  0.235214E-04  0.            0.           -0.497791E-02  002000
  0.110386E-03 -0.214767E-03  0.            0.            0.100674E-02  001100
  0.            0.            0.            0.            0.            001010
  0.            0.            0.237848E-02  0.176545E+00  0.            001001
 -0.210705E-03  0.169930E-04  0.            0.           -0.375453E-02  000200
  0.            0.            0.            0.            0.            000110
  0.            0.           -0.132852E+00 -0.626302E-02  0.            000101
  0.            0.            0.            0.            0.            000020
  0.            0.            0.            0.            0.            000011
 -0.172093E+00  0.458406E+00  0.            0.           -0.183301E+01  000002
 -0.652213E-06 -0.750652E-05  0.            0.           -0.847557E-05  300000
  0.305573E-04 -0.200882E-06  0.            0.           -0.541141E-05  210000
  0.            0.            0.114348E-04 -0.217006E-03  0.            201000
  0.            0.            0.249043E-04  0.143575E-04  0.            200100
  0.            0.            0.            0.            0.            200010
 -0.132203E-03 -0.460017E-03  0.            0.           -0.456524E-03  200001
 -0.418474E-05 -0.305248E-04  0.            0.           -0.352503E-04  120000
  0.            0.            0.997519E-04 -0.830501E-05  0.            111000
  0.            0.           -0.641289E-05 -0.975778E-04  0.            110100
  0.            0.            0.            0.            0.            110010
  0.128425E-02  0.176266E-03  0.            0.           -0.208688E-04  110001
 -0.171826E-04 -0.217548E-03  0.            0.           -0.248188E-03  102000
  0.101727E-03  0.339817E-04  0.            0.            0.118531E-04  101100
  0.            0.            0.            0.            0.            101010
  0.            0.           -0.708754E-05 -0.886267E-02  0.            101001
 -0.115496E-04 -0.268789E-04  0.            0.           -0.270957E-04  100200
  0.            0.            0.            0.            0.            100110
  0.            0.            0.104904E-02  0.105872E-02  0.            100101
  0.            0.            0.            0.            0.            100020
  0.            0.            0.            0.            0.            100011
 -0.633715E-02 -0.104714E-01  0.            0.           -0.937552E-02  100002
  0.118825E-03 -0.234785E-05  0.            0.           -0.278202E-04  030000
  0.            0.           -0.628419E-05 -0.201182E-03  0.            021000
  0.            0.            0.297304E-03 -0.119059E-04  0.            020100
  0.            0.            0.            0.            0.            020010
 -0.141875E-02 -0.620915E-03  0.            0.           -0.254258E-03  020001
  0.204128E-03 -0.213816E-05  0.            0.           -0.172938E-04  012000
 -0.736296E-04 -0.978573E-04  0.            0.           -0.100723E-03  011100
  0.            0.            0.            0.            0.            011010
  0.            0.            0.207000E-02  0.341856E-03  0.            011001
  0.298764E-03  0.220048E-05  0.            0.           -0.775310E-04  010200
  0.            0.            0.            0.            0.            010110
  0.            0.           -0.295920E-02 -0.190311E-02  0.            010101
  0.            0.            0.            0.            0.            010020
  0.            0.            0.            0.            0.            010011
  0.215926E-01  0.190751E-02  0.            0.           -0.106599E-02  010002
  0.            0.            0.453553E-04 -0.812704E-03  0.            003000
  0.            0.            0.120142E-03  0.177154E-03  0.            002100
  0.            0.            0.            0.            0.            002010
 -0.620573E-03 -0.450459E-02  0.            0.           -0.434007E-02  002001
  0.            0.           -0.424932E-04 -0.137721E-03  0.            001200
  0.            0.            0.            0.            0.            001110
  0.240805E-02  0.117101E-02  0.            0.            0.609916E-03  001101
  0.            0.            0.            0.            0.            001020
  0.            0.            0.            0.            0.            001011
  0.            0.           -0.165029E-01 -0.102836E+00  0.            001002
  0.            0.            0.153381E-03 -0.280686E-05  0.            000300
  0.            0.            0.            0.            0.            000210
 -0.166359E-02 -0.551262E-03  0.            0.           -0.628591E-04  000201
  0.            0.            0.            0.            0.            000120
  0.            0.            0.            0.            0.            000111
  0.            0.            0.212889E-01  0.406521E-02  0.            000102
  0.            0.            0.            0.            0.            000030
  0.            0.            0.            0.            0.            000021
  0.            0.            0.            0.            0.            000012
 -0.849171E-01 -0.878374E-01  0.            0.           -0.347449E-01  000003
-------------------------------------------------------------------------------
F8-F11+1m
  0.972193E+00 -0.259132E-01  0.            0.           -0.310455E-01  100000
  0.106354E+01  0.100025E+01  0.            0.            0.229456E+01  010000
  0.            0.            0.857634E+00 -0.153119E+00  0.            001000
  0.            0.            0.872716E+00  0.101019E+01  0.            000100
  0.            0.            0.            0.            0.100000E+01  000010
  0.403643E+02 -0.506496E+00  0.            0.            0.127365E+03  000001
 -0.123609E-03 -0.179275E-05  0.            0.           -0.630149E-03  200000
  0.247435E-03  0.243837E-03  0.            0.            0.367491E-03  110000
  0.            0.            0.194068E-03 -0.177080E-04  0.            101000
  0.            0.           -0.204306E-03 -0.210132E-03  0.            100100
  0.            0.            0.            0.            0.            100010
  0.202926E-01  0.222960E-01  0.            0.            0.214483E-03  100001
 -0.874484E-04  0.841656E-05  0.            0.           -0.433992E-02  020000
  0.            0.            0.120126E-02  0.124839E-02  0.            011000
  0.            0.           -0.471573E-03 -0.603980E-04  0.            010100
  0.            0.            0.            0.            0.            010010
 -0.147405E+00  0.744173E-02  0.            0.           -0.933464E-02  010001
 -0.602129E-03  0.235214E-04  0.            0.           -0.498449E-02  002000
 -0.104380E-03 -0.214767E-03  0.            0.            0.109349E-02  001100
  0.            0.            0.            0.            0.            001010
  0.            0.            0.180454E+00  0.176545E+00  0.            001001
 -0.193712E-03  0.169930E-04  0.            0.           -0.404069E-02  000200
  0.            0.            0.            0.            0.            000110
  0.            0.           -0.149217E+00 -0.626302E-02  0.            000101
  0.            0.            0.            0.            0.            000020
  0.            0.            0.            0.            0.            000011
  0.291378E+00  0.458406E+00  0.            0.           -0.188467E+01  000002
 -0.815875E-05 -0.750652E-05  0.            0.           -0.847559E-05  300000
  0.303575E-04 -0.200882E-06  0.            0.           -0.540686E-05  210000
  0.            0.           -0.205572E-03 -0.217006E-03  0.            201000
  0.            0.            0.392622E-04  0.143575E-04  0.            200100
  0.            0.            0.            0.            0.            200010
 -0.592202E-03 -0.460017E-03  0.            0.           -0.456196E-03  200001
 -0.347484E-04 -0.305248E-04  0.            0.           -0.353870E-04  120000
  0.            0.            0.914508E-04 -0.830501E-05  0.            111000
  0.            0.           -0.104017E-03 -0.975778E-04  0.            110100
  0.            0.            0.            0.            0.            110010
  0.145812E-02  0.176266E-03  0.            0.           -0.335788E-04  110001
 -0.234731E-03 -0.217548E-03  0.            0.           -0.248190E-03  102000
  0.135713E-03  0.339817E-04  0.            0.            0.118419E-04  101100
  0.            0.            0.            0.            0.            101010
  0.            0.           -0.886959E-02 -0.886267E-02  0.            101001
 -0.384418E-04 -0.268789E-04  0.            0.           -0.269764E-04  100200
  0.            0.            0.            0.            0.            100110
  0.            0.            0.210987E-02  0.105872E-02  0.            100101
  0.            0.            0.            0.            0.            100020
  0.            0.            0.            0.            0.            100011
 -0.170349E-01 -0.104714E-01  0.            0.           -0.936234E-02  100002
  0.116977E-03 -0.234785E-05  0.            0.           -0.278249E-04  030000
  0.            0.           -0.207543E-03 -0.201182E-03  0.            021000
  0.            0.            0.285903E-03 -0.119059E-04  0.            020100
  0.            0.            0.            0.            0.            020010
 -0.204051E-02 -0.620915E-03  0.            0.           -0.251099E-03  020001
  0.202001E-03 -0.213816E-05  0.            0.           -0.171998E-04  012000
 -0.171642E-03 -0.978573E-04  0.            0.           -0.101315E-03  011100
  0.            0.            0.            0.            0.            011010
  0.            0.            0.239945E-02  0.341856E-03  0.            011001
  0.301475E-03  0.220048E-05  0.            0.           -0.775063E-04  010200
  0.            0.            0.            0.            0.            010110
  0.            0.           -0.486221E-02 -0.190311E-02  0.            010101
  0.            0.            0.            0.            0.            010020
  0.            0.            0.            0.            0.            010011
  0.235567E-01  0.190751E-02  0.            0.           -0.132845E-02  010002
  0.            0.           -0.767350E-03 -0.812704E-03  0.            003000
  0.            0.            0.297331E-03  0.177154E-03  0.            002100
  0.            0.            0.            0.            0.            002010
 -0.512541E-02 -0.450459E-02  0.            0.           -0.432473E-02  002001
  0.            0.           -0.180448E-03 -0.137721E-03  0.            001200
  0.            0.            0.            0.            0.            001110
  0.358128E-02  0.117101E-02  0.            0.            0.507029E-03  001101
  0.            0.            0.            0.            0.            001020
  0.            0.            0.            0.            0.            001011
  0.            0.           -0.121125E+00 -0.102836E+00  0.            001002
  0.            0.            0.151090E-03 -0.280686E-05  0.            000300
  0.            0.            0.            0.            0.            000210
 -0.221529E-02 -0.551262E-03  0.            0.           -0.518281E-04  000201
  0.            0.            0.            0.            0.            000120
  0.            0.            0.            0.            0.            000111
  0.            0.            0.255488E-01  0.406521E-02  0.            000102
  0.            0.            0.            0.            0.            000030
  0.            0.            0.            0.            0.            000021
  0.            0.            0.            0.            0.            000012
 -0.177405E+00 -0.878374E-01  0.            0.           -0.338196E-01  000003
-------------------------------------------------------------------------------
F9-F9.5
  0.507387E+00 -0.118972E+00  0.            0.            0.            100000
  0.519540E+01  0.752669E+00  0.            0.            0.            010000
  0.            0.            0.841732E+00 -0.917943E-01  0.            001000
  0.            0.            0.467246E+01  0.678476E+00  0.            000100
  0.            0.            0.            0.            0.100000E+01  000010
  0.            0.            0.            0.            0.196019E+02  000001
  0.            0.            0.            0.           -0.319064E-04  200000
  0.            0.            0.            0.            0.148216E-03  110000
  0.            0.            0.            0.            0.            101000
  0.            0.            0.            0.            0.            100100
  0.            0.            0.            0.            0.            100010
  0.725235E-02  0.541987E-03  0.            0.            0.            100001
  0.            0.            0.            0.           -0.150273E-02  020000
  0.            0.            0.            0.            0.            011000
  0.            0.            0.            0.            0.            010100
  0.            0.            0.            0.            0.            010010
 -0.409206E-01  0.438643E-02  0.            0.            0.            010001
  0.            0.            0.            0.           -0.514539E-04  002000
  0.            0.            0.            0.           -0.188886E-03  001100
  0.            0.            0.            0.            0.            001010
  0.            0.            0.573862E-02  0.155410E-02  0.            001001
  0.            0.            0.            0.           -0.142950E-02  000200
  0.            0.            0.            0.            0.            000110
  0.            0.           -0.271730E-01  0.696454E-02  0.            000101
  0.            0.            0.            0.            0.            000020
  0.            0.            0.            0.            0.            000011
  0.            0.            0.            0.           -0.294028E+00  000002
 -0.526275E-06 -0.145807E-06  0.            0.            0.            300000
 -0.394862E-05 -0.121105E-05  0.            0.            0.            210000
  0.            0.           -0.197386E-05 -0.694748E-06  0.            201000
  0.            0.           -0.469968E-05 -0.175300E-05  0.            200100
  0.            0.            0.            0.            0.            200010
  0.            0.            0.            0.            0.882986E-06  200001
 -0.117780E-04 -0.378140E-05  0.            0.            0.            120000
  0.            0.           -0.111704E-04 -0.407737E-05  0.            111000
  0.            0.           -0.279330E-04 -0.105835E-04  0.            110100
  0.            0.            0.            0.            0.            110010
  0.            0.            0.            0.           -0.392768E-05  110001
 -0.284876E-05 -0.841684E-06  0.            0.            0.            102000
 -0.139939E-04 -0.423553E-05  0.            0.            0.            101100
  0.            0.            0.            0.            0.            101010
  0.            0.            0.            0.            0.            101001
 -0.182512E-04 -0.557928E-05  0.            0.            0.            100200
  0.            0.            0.            0.            0.            100110
  0.            0.            0.            0.            0.            100101
  0.            0.            0.            0.            0.            100020
  0.            0.            0.            0.            0.            100011
 -0.113261E-03 -0.447251E-05  0.            0.            0.            100002
 -0.103932E-04 -0.464567E-05  0.            0.            0.            030000
  0.            0.           -0.188131E-04 -0.709489E-05  0.            021000
  0.            0.           -0.465136E-04 -0.191470E-04  0.            020100
  0.            0.            0.            0.            0.            020010
  0.            0.            0.            0.            0.366322E-04  020001
 -0.767273E-05 -0.259344E-05  0.            0.            0.            012000
 -0.389168E-04 -0.134858E-04  0.            0.            0.            011100
  0.            0.            0.            0.            0.            011010
  0.            0.            0.            0.            0.            011001
 -0.498467E-04 -0.183669E-04  0.            0.            0.            010200
  0.            0.            0.            0.            0.            010110
  0.            0.            0.            0.            0.            010101
  0.            0.            0.            0.            0.            010020
  0.            0.            0.            0.            0.            010011
  0.373086E-03 -0.716718E-04  0.            0.            0.            010002
  0.            0.           -0.140732E-05 -0.513323E-06  0.            003000
  0.            0.           -0.106595E-04 -0.398282E-05  0.            002100
  0.            0.            0.            0.            0.            002010
  0.            0.            0.            0.            0.169595E-05  002001
  0.            0.           -0.277483E-04 -0.104906E-04  0.            001200
  0.            0.            0.            0.            0.            001110
  0.            0.            0.            0.            0.732762E-05  001101
  0.            0.            0.            0.            0.            001020
  0.            0.            0.            0.            0.            001011
  0.            0.           -0.120899E-03 -0.227411E-04  0.            001002
  0.            0.           -0.227295E-04 -0.947683E-05  0.            000300
  0.            0.            0.            0.            0.            000210
  0.            0.            0.            0.            0.370635E-04  000201
  0.            0.            0.            0.            0.            000120
  0.            0.            0.            0.            0.            000111
  0.            0.            0.589981E-04 -0.132871E-03  0.            000102
  0.            0.            0.            0.            0.            000030
  0.            0.            0.            0.            0.            000021
  0.            0.            0.            0.            0.            000012
  0.            0.            0.            0.            0.452135E-02  000003
-------------------------------------------------------------------------------
F9-F10
 -0.237352E+00 -0.120946E+00  0.            0.            0.            100000
  0.781414E+01 -0.231359E+00  0.            0.            0.            010000
  0.            0.            0.143220E+00 -0.154507E+00  0.            001000
  0.            0.            0.634309E+01  0.139266E+00  0.            000100
  0.            0.            0.            0.            0.100000E+01  000010
  0.            0.            0.            0.            0.392037E+02  000001
  0.            0.            0.            0.           -0.599041E-04  200000
  0.            0.            0.            0.            0.311773E-03  110000
  0.            0.            0.            0.            0.            101000
  0.            0.            0.            0.            0.            100100
  0.            0.            0.            0.            0.            100010
  0.153735E-01 -0.116659E-02  0.            0.            0.            100001
  0.            0.            0.            0.           -0.325489E-02  020000
  0.            0.            0.            0.            0.            011000
  0.            0.            0.            0.            0.            010100
  0.            0.            0.            0.            0.            010010
 -0.158893E-01  0.153247E-01  0.            0.            0.            010001
  0.            0.            0.            0.           -0.907549E-04  002000
  0.            0.            0.            0.           -0.400990E-03  001100
  0.            0.            0.            0.            0.            001010
  0.            0.            0.195049E-01  0.155543E-02  0.            001001
  0.            0.            0.            0.           -0.336148E-02  000200
  0.            0.            0.            0.            0.            000110
  0.            0.            0.281840E-01  0.195172E-01  0.            000101
  0.            0.            0.            0.            0.            000020
  0.            0.            0.            0.            0.            000011
  0.            0.            0.            0.           -0.588056E+00  000002
 -0.116237E-05 -0.125154E-07  0.            0.            0.            300000
 -0.955057E-05 -0.231446E-06  0.            0.            0.            210000
  0.            0.           -0.463576E-05 -0.417122E-06  0.            201000
  0.            0.           -0.118293E-04 -0.120457E-05  0.            200100
  0.            0.            0.            0.            0.            200010
  0.            0.            0.            0.            0.161889E-05  200001
 -0.394725E-04 -0.318455E-05  0.            0.            0.            120000
  0.            0.           -0.290872E-04 -0.328207E-05  0.            111000
  0.            0.           -0.940315E-04 -0.156337E-04  0.            110100
  0.            0.            0.            0.            0.            110010
  0.            0.            0.            0.           -0.955894E-05  110001
 -0.665291E-05 -0.120668E-06  0.            0.            0.            102000
 -0.352401E-04 -0.110242E-05  0.            0.            0.            101100
  0.            0.            0.            0.            0.            101010
  0.            0.            0.            0.            0.            101001
 -0.570469E-04 -0.381832E-05  0.            0.            0.            100200
  0.            0.            0.            0.            0.            100110
  0.            0.            0.            0.            0.            100101
  0.            0.            0.            0.            0.            100020
  0.            0.            0.            0.            0.            100011
 -0.179574E-03  0.301115E-04  0.            0.            0.            100002
 -0.257051E-03 -0.832109E-04  0.            0.            0.            030000
  0.            0.           -0.122065E-03 -0.335307E-04  0.            021000
  0.            0.           -0.948537E-03 -0.343058E-03  0.            020100
  0.            0.            0.            0.            0.            020010
  0.            0.            0.            0.            0.855807E-04  020001
 -0.250120E-04 -0.228759E-05  0.            0.            0.            012000
 -0.223919E-03 -0.434561E-04  0.            0.            0.            011100
  0.            0.            0.            0.            0.            011010
  0.            0.            0.            0.            0.            011001
 -0.821418E-03 -0.237250E-03  0.            0.            0.            010200
  0.            0.            0.            0.            0.            010110
  0.            0.            0.            0.            0.            010101
  0.            0.            0.            0.            0.            010020
  0.            0.            0.            0.            0.            010011
 -0.544321E-03 -0.179165E-03  0.            0.            0.            010002
  0.            0.           -0.360306E-05 -0.392452E-06  0.            003000
  0.            0.           -0.336516E-04 -0.532953E-05  0.            002100
  0.            0.            0.            0.            0.            002010
  0.            0.            0.            0.            0.265129E-05  002001
  0.            0.           -0.152579E-03 -0.387140E-04  0.            001200
  0.            0.            0.            0.            0.            001110
  0.            0.            0.            0.            0.127381E-04  001101
  0.            0.            0.            0.            0.            001020
  0.            0.            0.            0.            0.            001011
  0.            0.           -0.307720E-03  0.189231E-05  0.            001002
  0.            0.           -0.367272E-03 -0.125863E-03  0.            000300
  0.            0.            0.            0.            0.            000210
  0.            0.            0.            0.            0.973824E-04  000201
  0.            0.            0.            0.            0.            000120
  0.            0.            0.            0.            0.            000111
  0.            0.           -0.153998E-02 -0.307555E-03  0.            000102
  0.            0.            0.            0.            0.            000030
  0.            0.            0.            0.            0.            000021
  0.            0.            0.            0.            0.            000012
  0.            0.            0.            0.            0.904269E-02  000003
-------------------------------------------------------------------------------
F9-F11
 -0.239076E+00  0.247582E+00  0.            0.            0.280339E+00  100000
 -0.257384E+01 -0.151737E+01  0.            0.           -0.178187E+01  010000
  0.            0.           -0.185144E+00  0.529230E+00  0.            001000
  0.            0.           -0.574241E+00 -0.375975E+01  0.            000100
  0.            0.            0.            0.            0.100000E+01  000010
  0.204615E+02 -0.281412E+00  0.            0.            0.815329E+02  000001
 -0.115882E-04 -0.951944E-05  0.            0.           -0.189522E-03  200000
 -0.575634E-04  0.173884E-05  0.            0.            0.127890E-02  110000
  0.            0.           -0.148552E-04 -0.209978E-04  0.            101000
  0.            0.            0.145192E-03 -0.178488E-03  0.            100100
  0.            0.            0.            0.            0.            100010
 -0.218231E-01 -0.401327E-02  0.            0.           -0.476597E-02  100001
 -0.188857E-03  0.387607E-03  0.            0.           -0.756549E-02  020000
  0.            0.            0.293290E-03  0.293326E-03  0.            011000
  0.            0.           -0.151314E-02 -0.720839E-03  0.            010100
  0.            0.            0.            0.            0.            010010
  0.126911E+00 -0.361250E-01  0.            0.           -0.738655E-02  010001
 -0.401668E-04  0.170232E-04  0.            0.           -0.702911E-03  002000
  0.336078E-03 -0.164854E-03  0.            0.            0.656252E-02  001100
  0.            0.            0.            0.            0.            001010
  0.            0.           -0.370526E-01 -0.331164E-01  0.            001001
 -0.146499E-02  0.161094E-03  0.            0.           -0.252057E-01  000200
  0.            0.            0.            0.            0.            000110
  0.            0.            0.236564E+00 -0.264907E-01  0.            000101
  0.            0.            0.            0.            0.            000020
  0.            0.            0.            0.            0.            000011
 -0.641263E-01  0.732647E-01  0.            0.           -0.125857E+01  000002
  0.177988E-05  0.621378E-06  0.            0.            0.357095E-06  300000
 -0.133422E-04 -0.872490E-08  0.            0.            0.304372E-05  210000
  0.            0.            0.803487E-05  0.728388E-05  0.            201000
  0.            0.           -0.462631E-04 -0.830113E-05  0.            200100
  0.            0.            0.            0.            0.            200010
 -0.676862E-04 -0.171850E-04  0.            0.            0.686678E-05  200001
  0.586813E-04  0.237649E-04  0.            0.            0.163652E-04  120000
  0.            0.           -0.456589E-04  0.935428E-05  0.            111000
  0.            0.            0.259509E-03  0.213790E-03  0.            110100
  0.            0.            0.            0.            0.            110010
  0.404711E-03  0.825361E-04  0.            0.           -0.268657E-04  110001
  0.170949E-04  0.571953E-05  0.            0.            0.209658E-05  102000
 -0.176242E-03 -0.351500E-04  0.            0.            0.122084E-04  101100
  0.            0.            0.            0.            0.            101010
  0.            0.           -0.276159E-03 -0.118723E-03  0.            101001
  0.537259E-03  0.151110E-03  0.            0.            0.201986E-04  100200
  0.            0.            0.            0.            0.            100110
  0.            0.            0.162364E-02  0.689291E-03  0.            100101
  0.            0.            0.            0.            0.            100020
  0.            0.            0.            0.            0.            100011
  0.169054E-02  0.299693E-03  0.            0.            0.390145E-04  100002
 -0.213832E-03  0.182515E-03  0.            0.            0.220709E-03  030000
  0.            0.            0.605086E-04  0.225532E-03  0.            021000
  0.            0.           -0.753802E-03  0.162673E-02  0.            020100
  0.            0.            0.            0.            0.            020010
 -0.705195E-03 -0.144408E-03  0.            0.            0.104373E-03  020001
 -0.465136E-04  0.125329E-05  0.            0.            0.106925E-04  012000
  0.502487E-03  0.220103E-03  0.            0.            0.142380E-03  011100
  0.            0.            0.            0.            0.            011010
  0.            0.            0.588395E-03  0.240533E-03  0.            011001
 -0.199932E-02  0.285815E-03  0.            0.            0.644869E-03  010200
  0.            0.            0.            0.            0.            010110
  0.            0.           -0.360028E-02 -0.145445E-02  0.            010101
  0.            0.            0.            0.            0.            010020
  0.            0.            0.            0.            0.            010011
 -0.248102E-02  0.494092E-03  0.            0.            0.410897E-03  010002
  0.            0.            0.149387E-04  0.969958E-05  0.            003000
  0.            0.           -0.261870E-03 -0.712755E-04  0.            002100
  0.            0.            0.            0.            0.            002010
 -0.260971E-03 -0.842065E-04  0.            0.            0.696432E-04  002001
  0.            0.            0.148467E-02  0.853090E-03  0.            001200
  0.            0.            0.            0.            0.            001110
  0.303991E-02  0.952889E-03  0.            0.           -0.342987E-03  001101
  0.            0.            0.            0.            0.            001020
  0.            0.            0.            0.            0.            001011
  0.            0.            0.500622E-02  0.207965E-02  0.            001002
  0.            0.           -0.302868E-02 -0.511114E-03  0.            000300
  0.            0.            0.            0.            0.            000210
 -0.885719E-02 -0.272596E-02  0.            0.           -0.134912E-03  000201
  0.            0.            0.            0.            0.            000120
  0.            0.            0.            0.            0.            000111
  0.            0.           -0.153671E-01 -0.367009E-02  0.            000102
  0.            0.            0.            0.            0.            000030
  0.            0.            0.            0.            0.            000021
  0.            0.            0.            0.            0.            000012
 -0.920403E-02 -0.388781E-02  0.            0.            0.199324E-01  000003
-------------------------------------------------------------------------------
F9-F11+1m
  0.850560E-02  0.247582E+00  0.            0.            0.280339E+00  100000
 -0.409120E+01 -0.151737E+01  0.            0.           -0.178187E+01  010000
  0.            0.            0.344086E+00  0.529230E+00  0.            001000
  0.            0.           -0.433399E+01 -0.375975E+01  0.            000100
  0.            0.            0.            0.            0.100000E+01  000010
  0.201801E+02 -0.281412E+00  0.            0.            0.849718E+02  000001
 -0.211076E-04 -0.951944E-05  0.            0.           -0.206710E-03  200000
 -0.558245E-04  0.173884E-05  0.            0.            0.148959E-02  110000
  0.            0.           -0.358530E-04 -0.209978E-04  0.            101000
  0.            0.           -0.332962E-04 -0.178488E-03  0.            100100
  0.            0.            0.            0.            0.            100010
 -0.283122E-01 -0.401327E-02  0.            0.           -0.472690E-02  100001
  0.198751E-03  0.387607E-03  0.            0.           -0.821112E-02  020000
  0.            0.            0.586616E-03  0.293326E-03  0.            011000
  0.            0.           -0.223398E-02 -0.720839E-03  0.            010100
  0.            0.            0.            0.            0.            010010
  0.105959E+00 -0.361250E-01  0.            0.           -0.762602E-02  010001
 -0.231436E-04  0.170232E-04  0.            0.           -0.781452E-03  002000
  0.171224E-03 -0.164854E-03  0.            0.            0.767845E-02  001100
  0.            0.            0.            0.            0.            001010
  0.            0.           -0.754614E-01 -0.331164E-01  0.            001001
 -0.130390E-02  0.161094E-03  0.            0.           -0.291696E-01  000200
  0.            0.            0.            0.            0.            000110
  0.            0.            0.247671E+00 -0.264907E-01  0.            000101
  0.            0.            0.            0.            0.            000020
  0.            0.            0.            0.            0.            000011
  0.119525E-01  0.732647E-01  0.            0.           -0.131018E+01  000002
  0.240885E-05  0.621378E-06  0.            0.            0.358417E-06  300000
 -0.134905E-04 -0.872490E-08  0.            0.            0.303538E-05  210000
  0.            0.            0.153350E-04  0.728388E-05  0.            201000
  0.            0.           -0.546795E-04 -0.830113E-05  0.            200100
  0.            0.            0.            0.            0.            200010
 -0.848018E-04 -0.171850E-04  0.            0.            0.787170E-05  200001
  0.833012E-04  0.237649E-04  0.            0.            0.163128E-04  120000
  0.            0.           -0.365034E-04  0.935428E-05  0.            111000
  0.            0.            0.474712E-03  0.213790E-03  0.            110100
  0.            0.            0.            0.            0.            110010
  0.487547E-03  0.825361E-04  0.            0.           -0.307704E-04  110001
  0.228491E-04  0.571953E-05  0.            0.            0.210045E-05  102000
 -0.211885E-03 -0.351500E-04  0.            0.            0.122400E-04  101100
  0.            0.            0.            0.            0.            101010
  0.            0.           -0.394709E-03 -0.118723E-03  0.            101001
  0.690119E-03  0.151110E-03  0.            0.            0.197998E-04  100200
  0.            0.            0.            0.            0.            100110
  0.            0.            0.231498E-02  0.689291E-03  0.            100101
  0.            0.            0.            0.            0.            100020
  0.            0.            0.            0.            0.            100011
  0.206275E-02  0.299693E-03  0.            0.            0.271870E-04  100002
 -0.330643E-04  0.182515E-03  0.            0.            0.221039E-03  030000
  0.            0.            0.286650E-03  0.225532E-03  0.            021000
  0.            0.            0.868601E-03  0.162673E-02  0.            020100
  0.            0.            0.            0.            0.            020010
 -0.854451E-03 -0.144408E-03  0.            0.            0.905635E-04  020001
 -0.454729E-04  0.125329E-05  0.            0.            0.106200E-04  012000
  0.725610E-03  0.220103E-03  0.            0.            0.143072E-03  011100
  0.            0.            0.            0.            0.            011010
  0.            0.            0.826221E-03  0.240533E-03  0.            011001
 -0.172422E-02  0.285815E-03  0.            0.            0.643486E-03  010200
  0.            0.            0.            0.            0.            010110
  0.            0.           -0.504912E-02 -0.145445E-02  0.            010101
  0.            0.            0.            0.            0.            010020
  0.            0.            0.            0.            0.            010011
 -0.182411E-02  0.494092E-03  0.            0.            0.473801E-03  010002
  0.            0.            0.247124E-04  0.969958E-05  0.            003000
  0.            0.           -0.334726E-03 -0.712755E-04  0.            002100
  0.            0.            0.            0.            0.            002010
 -0.345388E-03 -0.842065E-04  0.            0.            0.815276E-04  002001
  0.            0.            0.234898E-02  0.853090E-03  0.            001200
  0.            0.            0.            0.            0.            001110
  0.399501E-02  0.952889E-03  0.            0.           -0.434141E-03  001101
  0.            0.            0.            0.            0.            001020
  0.            0.            0.            0.            0.            001011
  0.            0.            0.748620E-02  0.207965E-02  0.            001002
  0.            0.           -0.356636E-02 -0.511114E-03  0.            000300
  0.            0.            0.            0.            0.            000210
 -0.115867E-01 -0.272596E-02  0.            0.           -0.871609E-04  000201
  0.            0.            0.            0.            0.            000120
  0.            0.            0.            0.            0.            000111
  0.            0.           -0.192637E-01 -0.367009E-02  0.            000102
  0.            0.            0.            0.            0.            000030
  0.            0.            0.            0.            0.            000021
  0.            0.            0.            0.            0.            000012
 -0.138613E-01 -0.388781E-02  0.            0.            0.207377E-01  000003
-------------------------------------------------------------------------------
F9.5-F10
  0.751013E+00 -0.118557E+00  0.            0.            0.            100000
  0.519793E+01  0.510973E+00  0.            0.            0.            010000
  0.            0.            0.679431E+00 -0.920458E-01  0.            001000
  0.            0.            0.466999E+01  0.839154E+00  0.            000100
  0.            0.            0.            0.            0.100000E+01  000010
  0.            0.            0.            0.            0.196019E+02  000001
  0.            0.            0.            0.           -0.260156E-04  200000
  0.            0.            0.            0.           -0.312065E-04  110000
  0.            0.            0.            0.            0.            101000
  0.            0.            0.            0.            0.            100100
  0.            0.            0.            0.            0.            100010
  0.440447E-02  0.540021E-03  0.            0.            0.            100001
  0.            0.            0.            0.           -0.163795E-02  020000
  0.            0.            0.            0.            0.            011000
  0.            0.            0.            0.            0.            010100
  0.            0.            0.            0.            0.            010010
 -0.409752E-01  0.720939E-02  0.            0.            0.            010001
  0.            0.            0.            0.           -0.475806E-04  002000
  0.            0.            0.            0.           -0.795322E-04  001100
  0.            0.            0.            0.            0.            001010
  0.            0.            0.696043E-02  0.155439E-02  0.            001001
  0.            0.            0.            0.           -0.139265E-02  000200
  0.            0.            0.            0.            0.            000110
  0.            0.           -0.271204E-01  0.576133E-02  0.            000101
  0.            0.            0.            0.            0.            000020
  0.            0.            0.            0.            0.            000011
  0.            0.            0.            0.           -0.294028E+00  000002
 -0.519435E-06 -0.172036E-06  0.            0.            0.            300000
 -0.477177E-05 -0.175857E-05  0.            0.            0.            210000
  0.            0.           -0.220906E-05 -0.857222E-06  0.            201000
  0.            0.           -0.580841E-05 -0.237675E-05  0.            200100
  0.            0.            0.            0.            0.            200010
  0.            0.            0.            0.            0.665194E-06  200001
 -0.162706E-04 -0.635637E-05  0.            0.            0.            120000
  0.            0.           -0.138698E-04 -0.552425E-05  0.            111000
  0.            0.           -0.376263E-04 -0.157425E-04  0.            110100
  0.            0.            0.            0.            0.            110010
  0.            0.            0.            0.            0.148944E-05  110001
 -0.219552E-05 -0.699673E-06  0.            0.            0.            102000
 -0.117119E-04 -0.387533E-05  0.            0.            0.            101100
  0.            0.            0.            0.            0.            101010
  0.            0.            0.            0.            0.            101001
 -0.166087E-04 -0.566725E-05  0.            0.            0.            100200
  0.            0.            0.            0.            0.            100110
  0.            0.            0.            0.            0.            100101
  0.            0.            0.            0.            0.            100020
  0.            0.            0.            0.            0.            100011
 -0.719117E-04 -0.444085E-05  0.            0.            0.            100002
 -0.174068E-04 -0.822668E-05  0.            0.            0.            030000
  0.            0.           -0.242952E-04 -0.980330E-05  0.            021000
  0.            0.           -0.649986E-04 -0.285695E-04  0.            020100
  0.            0.            0.            0.            0.            020010
  0.            0.            0.            0.            0.435522E-04  020001
 -0.639110E-05 -0.233990E-05  0.            0.            0.            012000
 -0.354566E-04 -0.132563E-04  0.            0.            0.            011100
  0.            0.            0.            0.            0.            011010
  0.            0.            0.            0.            0.            011001
 -0.497714E-04 -0.200671E-04  0.            0.            0.            010200
  0.            0.            0.            0.            0.            010110
  0.            0.            0.            0.            0.            010101
  0.            0.            0.            0.            0.            010020
  0.            0.            0.            0.            0.            010011
  0.374150E-03 -0.112618E-03  0.            0.            0.            010002
  0.            0.           -0.113030E-05 -0.432349E-06  0.            003000
  0.            0.           -0.896232E-05 -0.351290E-05  0.            002100
  0.            0.            0.            0.            0.            002010
  0.            0.            0.            0.            0.155285E-05  002001
  0.            0.           -0.246287E-04 -0.973970E-05  0.            001200
  0.            0.            0.            0.            0.            001110
  0.            0.            0.            0.            0.402275E-05  001101
  0.            0.            0.            0.            0.            001020
  0.            0.            0.            0.            0.            001011
  0.            0.           -0.132881E-03 -0.227502E-04  0.            001002
  0.            0.           -0.209581E-04 -0.933609E-05  0.            000300
  0.            0.            0.            0.            0.            000210
  0.            0.            0.            0.            0.344656E-04  000201
  0.            0.            0.            0.            0.            000120
  0.            0.            0.            0.            0.            000111
  0.            0.            0.579850E-04 -0.121175E-03  0.            000102
  0.            0.            0.            0.            0.            000030
  0.            0.            0.            0.            0.            000021
  0.            0.            0.            0.            0.            000012
  0.            0.            0.            0.            0.452135E-02  000003
-------------------------------------------------------------------------------
F9.5-F11
 -0.486159E+00  0.582342E-02  0.            0.           -0.990177E-03  100000
 -0.638363E-01 -0.205618E+01  0.            0.           -0.236057E+01  010000
  0.            0.           -0.178328E+00  0.139457E-01  0.            001000
  0.            0.            0.381720E+00 -0.563751E+01  0.            000100
  0.            0.            0.            0.            0.100000E+01  000010
  0.204615E+02 -0.281412E+00  0.            0.            0.619310E+02  000001
 -0.143925E-04  0.249129E-06  0.            0.           -0.738560E-04  200000
  0.814258E-04  0.120835E-03  0.            0.            0.233649E-03  110000
  0.            0.            0.959465E-05 -0.724993E-05  0.            101000
  0.            0.           -0.170338E-03 -0.274478E-03  0.            100100
  0.            0.            0.            0.            0.            100010
 -0.980506E-03 -0.541012E-02  0.            0.           -0.227055E-02  100001
 -0.209668E-03 -0.161748E-03  0.            0.           -0.879576E-02  020000
  0.            0.            0.136107E-04  0.226543E-03  0.            011000
  0.            0.           -0.233711E-02 -0.732436E-03  0.            010100
  0.            0.            0.            0.            0.            010010
  0.149323E+00  0.164794E-02  0.            0.            0.195622E-01  010001
 -0.990326E-05 -0.107343E-05  0.            0.           -0.797494E-04  002000
  0.760680E-04 -0.106479E-03  0.            0.            0.141622E-02  001100
  0.            0.            0.            0.            0.            001010
  0.            0.           -0.382114E-02 -0.153715E-01  0.            001001
 -0.323666E-02  0.113415E-02  0.            0.           -0.576213E-01  000200
  0.            0.            0.            0.            0.            000110
  0.            0.            0.363924E+00  0.125242E+00  0.            000101
  0.            0.            0.            0.            0.            000020
  0.            0.            0.            0.            0.            000011
 -0.641263E-01  0.732647E-01  0.            0.           -0.964543E+00  000002
 -0.195476E-06  0.433992E-06  0.            0.            0.449789E-06  300000
 -0.731990E-05  0.273167E-05  0.            0.            0.442165E-05  210000
  0.            0.           -0.440518E-06  0.457242E-05  0.            201000
  0.            0.           -0.173560E-04  0.547429E-05  0.            200100
  0.            0.            0.            0.            0.            200010
 -0.121448E-04 -0.450131E-05  0.            0.            0.216462E-05  200001
  0.609409E-04  0.305976E-04  0.            0.            0.166697E-04  120000
  0.            0.           -0.105211E-04  0.258609E-04  0.            111000
  0.            0.            0.383352E-03  0.247330E-03  0.            110100
  0.            0.            0.            0.            0.            110010
  0.347335E-03  0.978005E-04  0.            0.           -0.254777E-04  110001
 -0.103367E-05  0.167703E-05  0.            0.            0.185611E-05  102000
 -0.239506E-04  0.332128E-05  0.            0.            0.100256E-04  101100
  0.            0.            0.            0.            0.            101010
  0.            0.           -0.204138E-04 -0.920395E-05  0.            101001
  0.554041E-03  0.190265E-03  0.            0.            0.983670E-05  100200
  0.            0.            0.            0.            0.            100110
  0.            0.            0.131474E-02  0.574962E-03  0.            100101
  0.            0.            0.            0.            0.            100020
  0.            0.            0.            0.            0.            100011
  0.818364E-03  0.261797E-03  0.            0.            0.332861E-04  100002
 -0.521631E-03 -0.783111E-04  0.            0.            0.182042E-04  030000
  0.            0.            0.430037E-04  0.723510E-04  0.            021000
  0.            0.           -0.343440E-02 -0.124287E-02  0.            020100
  0.            0.            0.            0.            0.            020010
 -0.307088E-02 -0.711738E-03  0.            0.            0.242693E-03  020001
 -0.642010E-05  0.467363E-05  0.            0.            0.585606E-05  012000
  0.265448E-03  0.984331E-04  0.            0.            0.367236E-04  011100
  0.            0.            0.            0.            0.            011010
  0.            0.            0.238500E-03  0.105461E-03  0.            011001
 -0.971476E-02 -0.220299E-02  0.            0.            0.531909E-04  010200
  0.            0.            0.            0.            0.            010110
  0.            0.           -0.167507E-01 -0.709406E-02  0.            010101
  0.            0.            0.            0.            0.            010020
  0.            0.            0.            0.            0.            010011
 -0.963380E-02 -0.165306E-02  0.            0.           -0.145582E-03  010002
  0.            0.           -0.293608E-06  0.228221E-05  0.            003000
  0.            0.           -0.123282E-04  0.141669E-04  0.            002100
  0.            0.            0.            0.            0.            002010
 -0.554009E-05 -0.220273E-05  0.            0.            0.583584E-05  002001
  0.            0.            0.586320E-03  0.313392E-03  0.            001200
  0.            0.            0.            0.            0.            001110
  0.728139E-03  0.244188E-03  0.            0.           -0.319929E-03  001101
  0.            0.            0.            0.            0.            001020
  0.            0.            0.            0.            0.            001011
  0.            0.            0.137183E-02  0.728805E-03  0.            001002
  0.            0.           -0.130559E-01 -0.538206E-02  0.            000300
  0.            0.            0.            0.            0.            000210
 -0.239340E-01 -0.751955E-02  0.            0.            0.264846E-02  000201
  0.            0.            0.            0.            0.            000120
  0.            0.            0.            0.            0.            000111
  0.            0.           -0.358953E-01 -0.134349E-01  0.            000102
  0.            0.            0.            0.            0.            000030
  0.            0.            0.            0.            0.            000021
  0.            0.            0.            0.            0.            000012
 -0.920403E-02 -0.388781E-02  0.            0.            0.154110E-01  000003
-------------------------------------------------------------------------------
F9.5-F11+1m
 -0.480335E+00  0.582342E-02  0.            0.           -0.990177E-03  100000
 -0.212001E+01 -0.205618E+01  0.            0.           -0.236057E+01  010000
  0.            0.           -0.164382E+00  0.139457E-01  0.            001000
  0.            0.           -0.525579E+01 -0.563751E+01  0.            000100
  0.            0.            0.            0.            0.100000E+01  000010
  0.201801E+02 -0.281412E+00  0.            0.            0.653700E+02  000001
 -0.141434E-04  0.249129E-06  0.            0.           -0.738655E-04  200000
  0.202261E-03  0.120835E-03  0.            0.            0.240365E-03  110000
  0.            0.            0.234472E-05 -0.724993E-05  0.            101000
  0.            0.           -0.444816E-03 -0.274478E-03  0.            100100
  0.            0.            0.            0.            0.            100010
 -0.644886E-02 -0.541012E-02  0.            0.           -0.226963E-02  100001
 -0.371416E-03 -0.161748E-03  0.            0.           -0.998132E-02  020000
  0.            0.            0.240154E-03  0.226543E-03  0.            011000
  0.            0.           -0.306955E-02 -0.732436E-03  0.            010100
  0.            0.            0.            0.            0.            010010
  0.171533E+00  0.164794E-02  0.            0.            0.192376E-01  010001
 -0.109767E-04 -0.107343E-05  0.            0.           -0.798039E-04  002000
 -0.304106E-04 -0.106479E-03  0.            0.            0.146031E-02  001100
  0.            0.            0.            0.            0.            001010
  0.            0.           -0.193321E-01 -0.153715E-01  0.            001001
 -0.210251E-02  0.113415E-02  0.            0.           -0.665333E-01  000200
  0.            0.            0.            0.            0.            000110
  0.            0.            0.545541E+00  0.125242E+00  0.            000101
  0.            0.            0.            0.            0.            000020
  0.            0.            0.            0.            0.            000011
  0.119525E-01  0.732647E-01  0.            0.           -0.101615E+01  000002
  0.238516E-06  0.433992E-06  0.            0.            0.449789E-06  300000
 -0.458834E-05  0.273167E-05  0.            0.            0.442154E-05  210000
  0.            0.            0.413190E-05  0.457242E-05  0.            201000
  0.            0.           -0.118818E-04  0.547429E-05  0.            200100
  0.            0.            0.            0.            0.            200010
 -0.166486E-04 -0.450131E-05  0.            0.            0.218258E-05  200001
  0.915755E-04  0.305976E-04  0.            0.            0.168095E-04  120000
  0.            0.            0.153397E-04  0.258609E-04  0.            111000
  0.            0.            0.630750E-03  0.247330E-03  0.            110100
  0.            0.            0.            0.            0.            110010
  0.443938E-03  0.978005E-04  0.            0.           -0.318783E-04  110001
  0.643358E-06  0.167703E-05  0.            0.            0.185617E-05  102000
 -0.206298E-04  0.332128E-05  0.            0.            0.100052E-04  101100
  0.            0.            0.            0.            0.            101010
  0.            0.           -0.295452E-04 -0.920395E-05  0.            101001
  0.744399E-03  0.190265E-03  0.            0.            0.896518E-05  100200
  0.            0.            0.            0.            0.            100110
  0.            0.            0.189245E-02  0.574962E-03  0.            100101
  0.            0.            0.            0.            0.            100020
  0.            0.            0.            0.            0.            100011
  0.113502E-02  0.261797E-03  0.            0.            0.321689E-04  100002
 -0.604289E-03 -0.783111E-04  0.            0.            0.180177E-04  030000
  0.            0.            0.115384E-03  0.723510E-04  0.            021000
  0.            0.           -0.468918E-02 -0.124287E-02  0.            020100
  0.            0.            0.            0.            0.            020010
 -0.378279E-02 -0.711738E-03  0.            0.            0.275549E-03  020001
 -0.174668E-05  0.467363E-05  0.            0.            0.585305E-05  012000
  0.364042E-03  0.984331E-04  0.            0.            0.373228E-04  011100
  0.            0.            0.            0.            0.            011010
  0.            0.            0.341703E-03  0.105461E-03  0.            011001
 -0.119504E-01 -0.220299E-02  0.            0.            0.521830E-04  010200
  0.            0.            0.            0.            0.            010110
  0.            0.           -0.238407E-01 -0.709406E-02  0.            010101
  0.            0.            0.            0.            0.            010020
  0.            0.            0.            0.            0.            010011
 -0.115722E-01 -0.165306E-02  0.            0.           -0.523544E-04  010002
  0.            0.            0.198860E-05  0.228221E-05  0.            003000
  0.            0.            0.183710E-05  0.141669E-04  0.            002100
  0.            0.            0.            0.            0.            002010
 -0.773211E-05 -0.220273E-05  0.            0.            0.595732E-05  002001
  0.            0.            0.900377E-03  0.313392E-03  0.            001200
  0.            0.            0.            0.            0.            001110
  0.973413E-03  0.244188E-03  0.            0.           -0.370678E-03  001101
  0.            0.            0.            0.            0.            001020
  0.            0.            0.            0.            0.            001011
  0.            0.            0.225617E-02  0.728805E-03  0.            001002
  0.            0.           -0.185275E-01 -0.538206E-02  0.            000300
  0.            0.            0.            0.            0.            000210
 -0.314694E-01 -0.751955E-02  0.            0.            0.327751E-02  000201
  0.            0.            0.            0.            0.            000120
  0.            0.            0.            0.            0.            000111
  0.            0.           -0.513194E-01 -0.134349E-01  0.            000102
  0.            0.            0.            0.            0.            000030
  0.            0.            0.            0.            0.            000021
  0.            0.            0.            0.            0.            000012
 -0.138613E-01 -0.388781E-02  0.            0.            0.162164E-01  000003
-------------------------------------------------------------------------------
F10-F11
 -0.255982E+00 -0.240799E+00  0.            0.           -0.280369E+00  100000
  0.247908E+01 -0.157449E+01  0.            0.           -0.176767E+01  010000
  0.            0.           -0.114509E+00 -0.507207E+00  0.            001000
  0.            0.            0.109214E+01 -0.389542E+01  0.            000100
  0.            0.            0.            0.            0.100000E+01  000010
  0.204615E+02 -0.281412E+00  0.            0.            0.423292E+02  000001
 -0.177212E-05  0.511166E-05  0.            0.           -0.970550E-04  200000
  0.201843E-04 -0.582216E-04  0.            0.           -0.108209E-02  110000
  0.            0.           -0.280476E-04 -0.147274E-05  0.            101000
  0.            0.           -0.277825E-03 -0.262418E-03  0.            100100
  0.            0.            0.            0.            0.            100010
  0.137319E-01 -0.141668E-02  0.            0.            0.242667E-02  100001
 -0.824985E-03 -0.556202E-03  0.            0.           -0.636365E-02  020000
  0.            0.           -0.113334E-03  0.255086E-03  0.            011000
  0.            0.           -0.405798E-03 -0.374901E-03  0.            010100
  0.            0.            0.            0.            0.            010010
  0.970386E-01  0.205413E-01  0.            0.            0.160560E-01  010001
 -0.285205E-04  0.628643E-06  0.            0.           -0.383513E-03  002000
 -0.316543E-03  0.135331E-03  0.            0.           -0.657096E-02  001100
  0.            0.            0.            0.            0.            001010
  0.            0.            0.286704E-01  0.747216E-02  0.            001001
 -0.195146E-02  0.837992E-03  0.            0.           -0.314041E-01  000200
  0.            0.            0.            0.            0.            000110
  0.            0.            0.262926E+00  0.118017E+00  0.            000101
  0.            0.            0.            0.            0.            000020
  0.            0.            0.            0.            0.            000011
 -0.641263E-01  0.732647E-01  0.            0.           -0.670515E+00  000002
 -0.438110E-06 -0.709742E-07  0.            0.            0.347184E-08  300000
 -0.132994E-04 -0.236442E-05  0.            0.           -0.124094E-07  210000
  0.            0.           -0.222887E-05 -0.880210E-06  0.            201000
  0.            0.           -0.209189E-04 -0.837957E-05  0.            200100
  0.            0.            0.            0.            0.            200010
 -0.253254E-04 -0.516213E-05  0.            0.            0.227429E-05  200001
 -0.140332E-03 -0.272677E-04  0.            0.           -0.778461E-06  120000
  0.            0.           -0.491282E-04 -0.197315E-04  0.            111000
  0.            0.           -0.462505E-03 -0.188198E-03  0.            110100
  0.            0.            0.            0.            0.            110010
 -0.561420E-03 -0.123765E-03  0.            0.            0.377403E-04  110001
 -0.545414E-05 -0.110689E-05  0.            0.            0.458591E-08  102000
 -0.102367E-03 -0.209099E-04  0.            0.           -0.153617E-06  101100
  0.            0.            0.            0.            0.            101010
  0.            0.           -0.105326E-03 -0.436335E-04  0.            101001
 -0.481629E-03 -0.989065E-04  0.            0.           -0.216371E-05  100200
  0.            0.            0.            0.            0.            100110
  0.            0.           -0.978815E-03 -0.409467E-03  0.            100101
  0.            0.            0.            0.            0.            100020
  0.            0.            0.            0.            0.            100011
 -0.757235E-03 -0.111891E-03  0.            0.           -0.375562E-04  100002
 -0.525477E-03 -0.118723E-03  0.            0.           -0.358271E-05  030000
  0.            0.           -0.308292E-03 -0.127014E-03  0.            021000
  0.            0.           -0.291664E-02 -0.121869E-02  0.            020100
  0.            0.            0.            0.            0.            020010
 -0.341069E-02 -0.905062E-03  0.            0.            0.233216E-03  020001
 -0.643700E-04 -0.163138E-04  0.            0.            0.422972E-06  012000
 -0.121360E-02 -0.309836E-03  0.            0.            0.450798E-05  011100
  0.            0.            0.            0.            0.            011010
  0.            0.           -0.154771E-02 -0.659785E-03  0.            011001
 -0.573599E-02 -0.147554E-02  0.            0.            0.153744E-05  010200
  0.            0.            0.            0.            0.            010110
  0.            0.           -0.145434E-01 -0.624504E-02  0.            010101
  0.            0.            0.            0.            0.            010020
  0.            0.            0.            0.            0.            010011
 -0.106849E-01 -0.267101E-02  0.            0.           -0.119105E-03  010002
  0.            0.           -0.653934E-05 -0.261304E-05  0.            003000
  0.            0.           -0.184651E-03 -0.758170E-04  0.            002100
  0.            0.            0.            0.            0.            002010
 -0.149667E-03 -0.466513E-04  0.            0.            0.147616E-04  002001
  0.            0.           -0.174588E-02 -0.728950E-03  0.            001200
  0.            0.            0.            0.            0.            001110
 -0.284378E-02 -0.892015E-03  0.            0.            0.324102E-03  001101
  0.            0.            0.            0.            0.            001020
  0.            0.            0.            0.            0.            001011
  0.            0.           -0.271023E-02 -0.103822E-02  0.            001002
  0.            0.           -0.551932E-02 -0.233240E-02  0.            000300
  0.            0.            0.            0.            0.            000210
 -0.135089E-01 -0.428155E-02  0.            0.            0.178324E-02  000201
  0.            0.            0.            0.            0.            000120
  0.            0.            0.            0.            0.            000111
  0.            0.           -0.284057E-01 -0.113284E-01  0.            000102
  0.            0.            0.            0.            0.            000030
  0.            0.            0.            0.            0.            000021
  0.            0.            0.            0.            0.            000012
 -0.920403E-02 -0.388781E-02  0.            0.            0.108897E-01  000003
-------------------------------------------------------------------------------
F10-F11+1m
 -0.496781E+00 -0.240799E+00  0.            0.           -0.280369E+00  100000
  0.904592E+00 -0.157449E+01  0.            0.           -0.176767E+01  010000
  0.            0.           -0.621715E+00 -0.507207E+00  0.            001000
  0.            0.           -0.280328E+01 -0.389542E+01  0.            000100
  0.            0.            0.            0.            0.100000E+01  000010
  0.201801E+02 -0.281412E+00  0.            0.            0.457681E+02  000001
  0.333954E-05  0.511166E-05  0.            0.           -0.113315E-03  200000
 -0.380373E-04 -0.582216E-04  0.            0.           -0.129472E-02  110000
  0.            0.           -0.295203E-04 -0.147274E-05  0.            101000
  0.            0.           -0.540243E-03 -0.262418E-03  0.            100100
  0.            0.            0.            0.            0.            100010
  0.147232E-01 -0.141668E-02  0.            0.            0.238866E-02  100001
 -0.138119E-02 -0.556202E-03  0.            0.           -0.705880E-02  020000
  0.            0.            0.141752E-03  0.255086E-03  0.            011000
  0.            0.           -0.780699E-03 -0.374901E-03  0.            010100
  0.            0.            0.            0.            0.            010010
  0.133325E+00  0.205413E-01  0.            0.            0.158075E-01  010001
 -0.278919E-04  0.628643E-06  0.            0.           -0.455653E-03  002000
 -0.181211E-03  0.135331E-03  0.            0.           -0.767905E-02  001100
  0.            0.            0.            0.            0.            001010
  0.            0.            0.412146E-01  0.747216E-02  0.            001001
 -0.111347E-02  0.837992E-03  0.            0.           -0.356592E-01  000200
  0.            0.            0.            0.            0.            000110
  0.            0.            0.419897E+00  0.118017E+00  0.            000101
  0.            0.            0.            0.            0.            000020
  0.            0.            0.            0.            0.            000011
  0.119525E-01  0.732647E-01  0.            0.           -0.722121E+00  000002
 -0.516066E-06 -0.709742E-07  0.            0.            0.416216E-08  300000
 -0.158008E-04 -0.236442E-05  0.            0.           -0.157584E-07  210000
  0.            0.           -0.312379E-05 -0.880210E-06  0.            201000
  0.            0.           -0.294114E-04 -0.837957E-05  0.            200100
  0.            0.            0.            0.            0.            200010
 -0.305631E-04 -0.516213E-05  0.            0.            0.250867E-05  200001
 -0.168495E-03 -0.272677E-04  0.            0.           -0.904987E-06  120000
  0.            0.           -0.690520E-04 -0.197315E-04  0.            111000
  0.            0.           -0.652179E-03 -0.188198E-03  0.            110100
  0.            0.            0.            0.            0.            110010
 -0.684923E-03 -0.123765E-03  0.            0.            0.448106E-04  110001
 -0.659200E-05 -0.110689E-05  0.            0.            0.425187E-08  102000
 -0.123753E-03 -0.209099E-04  0.            0.           -0.213205E-06  101100
  0.            0.            0.            0.            0.            101010
  0.            0.           -0.148980E-03 -0.436335E-04  0.            101001
 -0.582363E-03 -0.989065E-04  0.            0.           -0.262384E-05  100200
  0.            0.            0.            0.            0.            100110
  0.            0.           -0.138592E-02 -0.409467E-03  0.            100101
  0.            0.            0.            0.            0.            100020
  0.            0.            0.            0.            0.            100011
 -0.886451E-03 -0.111891E-03  0.            0.           -0.268924E-04  100002
 -0.646152E-03 -0.118723E-03  0.            0.           -0.407385E-05  030000
  0.            0.           -0.435935E-03 -0.127014E-03  0.            021000
  0.            0.           -0.414016E-02 -0.121869E-02  0.            020100
  0.            0.            0.            0.            0.            020010
 -0.431123E-02 -0.905062E-03  0.            0.            0.269432E-03  020001
 -0.808864E-04 -0.163138E-04  0.            0.            0.496089E-06  012000
 -0.152655E-02 -0.309836E-03  0.            0.            0.507812E-05  011100
  0.            0.            0.            0.            0.            011010
  0.            0.           -0.221027E-02 -0.659785E-03  0.            011001
 -0.722347E-02 -0.147554E-02  0.            0.            0.145836E-05  010200
  0.            0.            0.            0.            0.            010110
  0.            0.           -0.207864E-01 -0.624504E-02  0.            010101
  0.            0.            0.            0.            0.            010020
  0.            0.            0.            0.            0.            010011
 -0.137672E-01 -0.267101E-02  0.            0.           -0.446746E-04  010002
  0.            0.           -0.921762E-05 -0.261304E-05  0.            003000
  0.            0.           -0.261971E-03 -0.758170E-04  0.            002100
  0.            0.            0.            0.            0.            002010
 -0.196361E-03 -0.466513E-04  0.            0.            0.187724E-04  002001
  0.            0.           -0.248638E-02 -0.728950E-03  0.            001200
  0.            0.            0.            0.            0.            001110
 -0.373770E-02 -0.892015E-03  0.            0.            0.402975E-03  001101
  0.            0.            0.            0.            0.            001020
  0.            0.            0.            0.            0.            001011
  0.            0.           -0.388947E-02 -0.103822E-02  0.            001002
  0.            0.           -0.788127E-02 -0.233240E-02  0.            000300
  0.            0.            0.            0.            0.            000210
 -0.178010E-01 -0.428155E-02  0.            0.            0.215239E-02  000201
  0.            0.            0.            0.            0.            000120
  0.            0.            0.            0.            0.            000111
  0.            0.           -0.414234E-01 -0.113284E-01  0.            000102
  0.            0.            0.            0.            0.            000030
  0.            0.            0.            0.            0.            000021
  0.            0.            0.            0.            0.            000012
 -0.138613E-01 -0.388781E-02  0.            0.            0.116950E-01  000003
-------------------------------------------------------------------------------
