Ref. Par.:   286   90
Brho89: 6.0660 Tm
Brho9M: 6.0511 Tm
BrhoMT: 6.0511 Tm
BrhoTE: 6.0361 Tm
                                      unit: mm,mrad,dp/p(%)
F8-F9
 -0.198413E+01  0.232576E+00  0.            0.           -0.309888E+00  100000
 -0.179991E-01 -0.501888E+00  0.            0.            0.673015E+00  010000
  0.            0.           -0.225384E+01 -0.120970E+00  0.            001000
  0.            0.           -0.736857E-01 -0.447643E+00  0.            000100
  0.            0.            0.            0.            0.100000E+01  000010
 -0.248347E+02  0.184891E-01  0.            0.            0.483908E+02  000001
  0.700140E-04  0.371801E-04  0.            0.           -0.552430E-03  200000
  0.226046E-03 -0.612423E-04  0.            0.            0.279195E-03  110000
  0.            0.           -0.415663E-03  0.104174E-04  0.            101000
  0.            0.           -0.479764E-03  0.571465E-04  0.            100100
  0.            0.            0.            0.            0.            100010
 -0.758518E-02 -0.849192E-02  0.            0.            0.194346E-02  100001
  0.121114E-03 -0.430638E-04  0.            0.           -0.115793E-02  020000
  0.            0.            0.740514E-04 -0.161658E-03  0.            011000
  0.            0.            0.239009E-03 -0.716444E-05  0.            010100
  0.            0.            0.            0.            0.            010010
  0.894018E-01 -0.863786E-02  0.            0.           -0.930991E-04  010001
  0.371012E-03 -0.249013E-04  0.            0.           -0.110866E-02  002000
  0.927689E-04  0.832909E-04  0.            0.           -0.151511E-02  001100
  0.            0.            0.            0.            0.            001010
  0.            0.            0.554619E-01 -0.157863E-01  0.            001001
  0.108636E-03  0.424471E-04  0.            0.           -0.258433E-02  000200
  0.            0.            0.            0.            0.            000110
  0.            0.            0.209075E+00 -0.309866E-03  0.            000101
  0.            0.            0.            0.            0.            000020
  0.            0.            0.            0.            0.            000011
  0.211312E+00 -0.688797E-01  0.            0.           -0.764896E+00  000002
  0.712500E-05  0.363085E-05  0.            0.           -0.511459E-06  300000
 -0.226188E-04 -0.266948E-05  0.            0.           -0.246209E-05  210000
  0.            0.            0.270901E-04  0.188520E-04  0.            201000
  0.            0.           -0.462387E-04 -0.725423E-05  0.            200100
  0.            0.            0.            0.            0.            200010
  0.231928E-03  0.947140E-04  0.            0.            0.154560E-04  200001
 -0.320898E-05  0.606579E-05  0.            0.           -0.470869E-05  120000
  0.            0.           -0.873993E-04 -0.175868E-04  0.            111000
  0.            0.           -0.656217E-04  0.132293E-04  0.            110100
  0.            0.            0.            0.            0.            110010
 -0.257330E-03 -0.882091E-04  0.            0.            0.134471E-04  110001
  0.295716E-04  0.162809E-04  0.            0.           -0.361696E-05  102000
 -0.753453E-04 -0.199866E-05  0.            0.           -0.141413E-04  101100
  0.            0.            0.            0.            0.            101010
  0.            0.            0.745471E-03  0.339538E-03  0.            101001
 -0.297886E-04  0.136532E-04  0.            0.           -0.141672E-04  100200
  0.            0.            0.            0.            0.            100110
  0.            0.           -0.337131E-03 -0.157918E-03  0.            100101
  0.            0.            0.            0.            0.            100020
  0.            0.            0.            0.            0.            100011
  0.280141E-02  0.990777E-03  0.            0.            0.337353E-04  100002
 -0.400826E-04  0.498654E-05  0.            0.           -0.735411E-05  030000
  0.            0.           -0.107084E-03  0.109751E-04  0.            021000
  0.            0.           -0.280918E-03  0.656633E-05  0.            020100
  0.            0.            0.            0.            0.            020010
  0.680752E-04  0.257369E-04  0.            0.            0.265239E-04  020001
 -0.750945E-04  0.150344E-05  0.            0.           -0.108887E-04  012000
 -0.192880E-03  0.416867E-04  0.            0.           -0.469974E-04  011100
  0.            0.            0.            0.            0.            011010
  0.            0.           -0.361329E-03 -0.163855E-03  0.            011001
 -0.250232E-03  0.369855E-04  0.            0.           -0.514490E-04  010200
  0.            0.            0.            0.            0.            010110
  0.            0.            0.207527E-03  0.940303E-04  0.            010101
  0.            0.            0.            0.            0.            010020
  0.            0.            0.            0.            0.            010011
 -0.225852E-02 -0.192396E-04  0.            0.            0.673406E-04  010002
  0.            0.           -0.469907E-05  0.119394E-04  0.            003000
  0.            0.           -0.224613E-03 -0.805526E-05  0.            002100
  0.            0.            0.            0.            0.            002010
  0.319522E-03  0.135858E-03  0.            0.            0.847542E-04  002001
  0.            0.           -0.394960E-03  0.231654E-04  0.            001200
  0.            0.            0.            0.            0.            001110
 -0.385941E-03 -0.111292E-03  0.            0.            0.170462E-03  001101
  0.            0.            0.            0.            0.            001020
  0.            0.            0.            0.            0.            001011
  0.            0.            0.368085E-02  0.237563E-02  0.            001002
  0.            0.           -0.310806E-03  0.971718E-05  0.            000300
  0.            0.            0.            0.            0.            000210
  0.756414E-04  0.235606E-04  0.            0.            0.877531E-04  000201
  0.            0.            0.            0.            0.            000120
  0.            0.            0.            0.            0.            000111
  0.            0.           -0.477734E-02  0.546963E-03  0.            000102
  0.            0.            0.            0.            0.            000030
  0.            0.            0.            0.            0.            000021
  0.            0.            0.            0.            0.            000012
  0.542934E-02  0.438946E-02  0.            0.            0.129166E-01  000003
-------------------------------------------------------------------------------
F8-F9.5
  0.880140E+00  0.530092E+00  0.            0.           -0.309888E+00  100000
 -0.187229E+01  0.854002E-02  0.            0.            0.673015E+00  010000
  0.            0.           -0.240633E+00  0.917855E+00  0.            001000
  0.            0.           -0.110023E+01  0.409471E-01  0.            000100
  0.            0.            0.            0.            0.100000E+01  000010
  0.225077E+00  0.665844E+01  0.            0.            0.707724E+02  000001
  0.138268E-03 -0.190413E-04  0.            0.           -0.103680E-02  200000
 -0.229898E-03 -0.601344E-04  0.            0.            0.648920E-03  110000
  0.            0.            0.361963E-04  0.168468E-03  0.            101000
  0.            0.            0.152871E-03  0.193336E-03  0.            100100
  0.            0.            0.            0.            0.            100010
 -0.592164E-01  0.588079E-02  0.            0.           -0.801194E-02  100001
 -0.161420E-03 -0.321437E-04  0.            0.           -0.149837E-02  020000
  0.            0.           -0.399884E-03 -0.260731E-04  0.            011000
  0.            0.           -0.237044E-04 -0.968413E-04  0.            010100
  0.            0.            0.            0.            0.            010010
 -0.310752E-01 -0.306514E-01  0.            0.            0.607714E-03  010001
 -0.952304E-04 -0.992591E-04  0.            0.           -0.287068E-02  002000
  0.310151E-03 -0.254817E-04  0.            0.           -0.278551E-02  001100
  0.            0.            0.            0.            0.            001010
  0.            0.           -0.106453E+00 -0.410597E-01  0.            001001
  0.157675E-03 -0.294324E-04  0.            0.           -0.298195E-02  000200
  0.            0.            0.            0.            0.            000110
  0.            0.           -0.284203E-01 -0.974447E-01  0.            000101
  0.            0.            0.            0.            0.            000020
  0.            0.            0.            0.            0.            000011
 -0.592368E+00 -0.477056E-01  0.            0.           -0.116093E+01  000002
  0.167722E-04 -0.153455E-05  0.            0.           -0.511362E-06  300000
 -0.339882E-05  0.728676E-05  0.            0.           -0.227706E-05  210000
  0.            0.            0.690638E-04 -0.298874E-05  0.            201000
  0.            0.           -0.650752E-05  0.228308E-04  0.            200100
  0.            0.            0.            0.            0.            200010
  0.512009E-03 -0.404541E-04  0.            0.            0.312845E-04  200001
  0.291868E-04  0.212787E-05  0.            0.           -0.471718E-05  120000
  0.            0.           -0.173254E-05  0.507783E-04  0.            111000
  0.            0.            0.520223E-04  0.331427E-04  0.            110100
  0.            0.            0.            0.            0.            110010
 -0.891849E-04  0.113855E-03  0.            0.            0.375932E-04  110001
  0.121944E-03  0.227361E-05  0.            0.           -0.401448E-05  102000
  0.473162E-04  0.295596E-04  0.            0.           -0.148798E-04  101100
  0.            0.            0.            0.            0.            101010
  0.            0.            0.161443E-02 -0.170459E-04  0.            101001
  0.635307E-04  0.100285E-04  0.            0.           -0.142853E-04  100200
  0.            0.            0.            0.            0.            100110
  0.            0.           -0.347268E-04  0.275034E-03  0.            100101
  0.            0.            0.            0.            0.            100020
  0.            0.            0.            0.            0.            100011
  0.655124E-02 -0.556008E-03  0.            0.            0.405114E-03  100002
  0.235189E-04  0.125635E-04  0.            0.           -0.741587E-05  030000
  0.            0.            0.731754E-04  0.606997E-04  0.            021000
  0.            0.            0.439526E-04  0.122494E-03  0.            020100
  0.            0.            0.            0.            0.            020010
  0.259244E-03  0.292877E-04  0.            0.            0.223064E-04  020001
  0.820367E-04  0.433139E-04  0.            0.           -0.112481E-04  012000
  0.227406E-03  0.735381E-04  0.            0.           -0.468048E-04  011100
  0.            0.            0.            0.            0.            011010
  0.            0.            0.589631E-03  0.533270E-03  0.            011001
  0.156370E-03  0.722409E-04  0.            0.           -0.512935E-04  010200
  0.            0.            0.            0.            0.            010110
  0.            0.            0.691369E-03  0.991136E-04  0.            010101
  0.            0.            0.            0.            0.            010020
  0.            0.            0.            0.            0.            010011
  0.375338E-02  0.110992E-02  0.            0.            0.420763E-03  010002
  0.            0.            0.137505E-03  0.435645E-04  0.            003000
  0.            0.            0.135689E-03  0.150471E-03  0.            002100
  0.            0.            0.            0.            0.            002010
  0.171159E-02  0.174722E-03  0.            0.            0.202184E-03  002001
  0.            0.            0.137255E-03  0.187695E-03  0.            001200
  0.            0.            0.            0.            0.            001110
  0.670781E-03  0.349124E-03  0.            0.            0.533852E-03  001101
  0.            0.            0.            0.            0.            001020
  0.            0.            0.            0.            0.            001011
  0.            0.            0.158943E-01  0.168611E-02  0.            001002
  0.            0.            0.428507E-04  0.130387E-03  0.            000300
  0.            0.            0.            0.            0.            000210
  0.339984E-03  0.380827E-04  0.            0.            0.203847E-03  000201
  0.            0.            0.            0.            0.            000120
  0.            0.            0.            0.            0.            000111
  0.            0.            0.114469E-01  0.501083E-02  0.            000102
  0.            0.            0.            0.            0.            000030
  0.            0.            0.            0.            0.            000021
  0.            0.            0.            0.            0.            000012
  0.396219E-01 -0.325264E-03  0.            0.            0.209753E-01  000003
-------------------------------------------------------------------------------
F8-F10
  0.197025E+01 -0.241138E+00  0.            0.           -0.309888E+00  100000
  0.438091E-01  0.502188E+00  0.            0.            0.673015E+00  010000
  0.            0.            0.226714E+01  0.759642E-01  0.            001000
  0.            0.            0.128623E+00  0.445393E+00  0.            000100
  0.            0.            0.            0.            0.100000E+01  000010
  0.248175E+02 -0.123531E+00  0.            0.            0.931391E+02  000001
 -0.718598E-04 -0.369119E-04  0.            0.           -0.146444E-02  200000
 -0.222677E-03  0.622438E-04  0.            0.            0.897794E-03  110000
  0.            0.            0.414097E-03 -0.186603E-04  0.            101000
  0.            0.            0.472414E-03 -0.665814E-04  0.            100100
  0.            0.            0.            0.            0.            100010
  0.320774E-01  0.226754E-01  0.            0.           -0.172473E-01  100001
 -0.118781E-03  0.436080E-04  0.            0.           -0.184052E-02  020000
  0.            0.           -0.541426E-04  0.162847E-03  0.            011000
  0.            0.           -0.237964E-03  0.119021E-04  0.            010100
  0.            0.            0.            0.            0.            010010
 -0.139232E+00  0.936866E-02  0.            0.           -0.217793E-03  010001
 -0.369372E-03  0.264884E-04  0.            0.           -0.420737E-02  002000
 -0.969655E-04 -0.829610E-04  0.            0.           -0.209726E-02  001100
  0.            0.            0.            0.            0.            001010
  0.            0.           -0.631846E-01  0.671846E-01  0.            001001
 -0.110716E-03 -0.420196E-04  0.            0.           -0.329286E-02  000200
  0.            0.            0.            0.            0.            000110
  0.            0.           -0.267090E+00  0.727532E-02  0.            000101
  0.            0.            0.            0.            0.            000020
  0.            0.            0.            0.            0.            000011
 -0.196667E+00  0.248974E+00  0.            0.           -0.155637E+01  000002
 -0.213195E-04 -0.938420E-05  0.            0.           -0.504292E-06  300000
  0.578781E-04  0.860528E-05  0.            0.           -0.210888E-05  210000
  0.            0.           -0.853190E-04 -0.593240E-04  0.            201000
  0.            0.            0.932172E-04  0.165274E-04  0.            200100
  0.            0.            0.            0.            0.            200010
 -0.555403E-03 -0.275970E-03  0.            0.            0.444085E-04  200001
 -0.153362E-04 -0.126763E-04  0.            0.           -0.472595E-05  120000
  0.            0.            0.218226E-03  0.367291E-04  0.            111000
  0.            0.            0.339273E-04 -0.396190E-04  0.            110100
  0.            0.            0.            0.            0.            110010
  0.922534E-03  0.160271E-03  0.            0.            0.540787E-04  110001
 -0.713394E-04 -0.562269E-04  0.            0.           -0.441427E-05  102000
  0.184759E-03  0.822320E-05  0.            0.           -0.154273E-04  101100
  0.            0.            0.            0.            0.            101010
  0.            0.           -0.144017E-02 -0.121848E-02  0.            101001
  0.182227E-04 -0.222229E-04  0.            0.           -0.139996E-04  100200
  0.            0.            0.            0.            0.            100110
  0.            0.            0.134285E-02  0.271809E-03  0.            100101
  0.            0.            0.            0.            0.            100020
  0.            0.            0.            0.            0.            100011
 -0.687188E-02 -0.306196E-02  0.            0.            0.690383E-03  100002
  0.531817E-04 -0.529907E-05  0.            0.           -0.747038E-05  030000
  0.            0.            0.114194E-03 -0.442581E-04  0.            021000
  0.            0.            0.317894E-03 -0.143102E-04  0.            020100
  0.            0.            0.            0.            0.            020010
 -0.703255E-04 -0.110928E-03  0.            0.            0.249208E-04  020001
  0.216295E-03 -0.957281E-05  0.            0.           -0.108919E-04  012000
  0.218928E-03 -0.737414E-04  0.            0.           -0.466328E-04  011100
  0.            0.            0.            0.            0.            011010
  0.            0.            0.206304E-02  0.579916E-04  0.            011001
  0.282186E-03 -0.396702E-04  0.            0.           -0.513340E-04  010200
  0.            0.            0.            0.            0.            010110
  0.            0.           -0.158892E-03 -0.433061E-03  0.            010101
  0.            0.            0.            0.            0.            010020
  0.            0.            0.            0.            0.            010011
  0.626185E-02 -0.837864E-03  0.            0.            0.748725E-03  010002
  0.            0.            0.469950E-04 -0.800649E-04  0.            003000
  0.            0.            0.448441E-03 -0.263279E-04  0.            002100
  0.            0.            0.            0.            0.            002010
 -0.281313E-04 -0.681284E-03  0.            0.            0.464475E-03  002001
  0.            0.            0.419793E-03 -0.755430E-04  0.            001200
  0.            0.            0.            0.            0.            001110
  0.192650E-02  0.114693E-04  0.            0.            0.715219E-03  001101
  0.            0.            0.            0.            0.            001020
  0.            0.            0.            0.            0.            001011
  0.            0.           -0.874369E-02 -0.114712E-01  0.            001002
  0.            0.            0.326609E-03 -0.179738E-04  0.            000300
  0.            0.            0.            0.            0.            000210
 -0.119194E-04 -0.138400E-03  0.            0.            0.111554E-03  000201
  0.            0.            0.            0.            0.            000120
  0.            0.            0.            0.            0.            000111
  0.            0.            0.103756E-01 -0.629758E-02  0.            000102
  0.            0.            0.            0.            0.            000030
  0.            0.            0.            0.            0.            000021
  0.            0.            0.            0.            0.            000012
 -0.225269E-01 -0.166180E-01  0.            0.            0.285447E-01  000003
-------------------------------------------------------------------------------
F8-F11
 -0.984795E+00  0.929341E+00  0.            0.            0.130600E-01  100000
 -0.304087E-01 -0.986744E+00  0.            0.           -0.140140E-02  010000
  0.            0.           -0.102049E+01 -0.441235E+00  0.            001000
  0.            0.           -0.994085E-01 -0.102290E+01  0.            000100
  0.            0.            0.            0.            0.100000E+01  000010
  0.329356E-01  0.214683E+00  0.            0.            0.141816E+03  000001
 -0.156379E-03  0.307947E-04  0.            0.           -0.277516E-02  200000
  0.332837E-03  0.118323E-05  0.            0.            0.283960E-02  110000
  0.            0.           -0.928262E-04 -0.354524E-03  0.            101000
  0.            0.           -0.309982E-03 -0.755182E-04  0.            100100
  0.            0.            0.            0.            0.            100010
 -0.550236E-01 -0.525917E-01  0.            0.           -0.682789E-01  100001
  0.116841E-05 -0.167832E-03  0.            0.           -0.309339E-02  020000
  0.            0.            0.129158E-04 -0.165244E-05  0.            011000
  0.            0.           -0.399272E-05 -0.148335E-04  0.            010100
  0.            0.            0.            0.            0.            010010
  0.114501E+00 -0.545450E-01  0.            0.           -0.987998E-03  010001
 -0.124155E-05 -0.161721E-03  0.            0.           -0.529299E-02  002000
  0.149880E-04  0.464870E-04  0.            0.           -0.295612E-02  001100
  0.            0.            0.            0.            0.            001010
  0.            0.            0.364029E-01 -0.176490E+00  0.            001001
  0.342185E-05  0.153947E-03  0.            0.           -0.574111E-02  000200
  0.            0.            0.            0.            0.            000110
  0.            0.            0.211712E+00  0.378579E-01  0.            000101
  0.            0.            0.            0.            0.            000020
  0.            0.            0.            0.            0.            000011
 -0.233649E-01 -0.625510E+00  0.            0.           -0.275272E+01  000002
  0.355490E-04  0.227224E-04  0.            0.            0.129506E-04  300000
 -0.949733E-04 -0.151488E-04  0.            0.           -0.118410E-04  210000
  0.            0.            0.425359E-04  0.159833E-03  0.            201000
  0.            0.           -0.196885E-03 -0.112296E-03  0.            200100
  0.            0.            0.            0.            0.            200010
  0.275989E-03  0.511784E-03  0.            0.            0.572842E-03  200001
  0.643668E-04  0.340044E-04  0.            0.            0.142507E-04  120000
  0.            0.           -0.114729E-03 -0.937479E-04  0.            111000
  0.            0.            0.242258E-03  0.210612E-03  0.            110100
  0.            0.            0.            0.            0.            110010
 -0.523627E-03  0.547637E-06  0.            0.           -0.987849E-04  110001
  0.266268E-04  0.121493E-03  0.            0.            0.852430E-04  102000
 -0.108092E-03  0.457895E-04  0.            0.           -0.161039E-04  101100
  0.            0.            0.            0.            0.            101010
  0.            0.            0.584905E-03  0.336365E-02  0.            101001
  0.117445E-03  0.822877E-04  0.            0.            0.185291E-04  100200
  0.            0.            0.            0.            0.            100110
  0.            0.           -0.792862E-03 -0.587634E-03  0.            100101
  0.            0.            0.            0.            0.            100020
  0.            0.            0.            0.            0.            100011
  0.593482E-02  0.542235E-02  0.            0.            0.759100E-02  100002
 -0.462279E-04  0.224390E-04  0.            0.            0.280404E-09  030000
  0.            0.           -0.532795E-04  0.104617E-03  0.            021000
  0.            0.           -0.261283E-03 -0.493762E-04  0.            020100
  0.            0.            0.            0.            0.            020010
  0.162517E-05  0.260960E-03  0.            0.            0.132098E-03  020001
 -0.128975E-03  0.987891E-04  0.            0.            0.157846E-04  012000
 -0.124544E-03  0.227252E-03  0.            0.            0.658782E-04  011100
  0.            0.            0.            0.            0.            011010
  0.            0.           -0.115047E-02  0.494625E-04  0.            011001
 -0.261818E-03  0.131943E-03  0.            0.            0.530330E-05  010200
  0.            0.            0.            0.            0.            010110
  0.            0.            0.737408E-04  0.118949E-02  0.            010101
  0.            0.            0.            0.            0.            010020
  0.            0.            0.            0.            0.            010011
 -0.229221E-02  0.554639E-02  0.            0.            0.206180E-02  010002
  0.            0.           -0.323413E-04  0.215716E-03  0.            003000
  0.            0.           -0.226966E-03  0.621629E-04  0.            002100
  0.            0.            0.            0.            0.            002010
 -0.206435E-03  0.183041E-02  0.            0.            0.159478E-02  002001
  0.            0.           -0.187891E-03  0.152318E-03  0.            001200
  0.            0.            0.            0.            0.            001110
 -0.117655E-02  0.913146E-03  0.            0.            0.292897E-03  001101
  0.            0.            0.            0.            0.            001020
  0.            0.            0.            0.            0.            001011
  0.            0.            0.200787E-01  0.375341E-01  0.            001002
  0.            0.           -0.275880E-03 -0.515580E-04  0.            000300
  0.            0.            0.            0.            0.            000210
 -0.288420E-04  0.403070E-03  0.            0.            0.350949E-03  000201
  0.            0.            0.            0.            0.            000120
  0.            0.            0.            0.            0.            000111
  0.            0.           -0.443956E-02  0.195759E-01  0.            000102
  0.            0.            0.            0.            0.            000030
  0.            0.            0.            0.            0.            000021
  0.            0.            0.            0.            0.            000012
  0.376470E-01  0.349274E-01  0.            0.            0.771349E-01  000003
-------------------------------------------------------------------------------
F8-F11+1m
 -0.554539E-01  0.929341E+00  0.            0.            0.130600E-01  100000
 -0.101715E+01 -0.986744E+00  0.            0.           -0.140140E-02  010000
  0.            0.           -0.146173E+01 -0.441235E+00  0.            001000
  0.            0.           -0.112231E+01 -0.102290E+01  0.            000100
  0.            0.            0.            0.            0.100000E+01  000010
  0.247619E+00  0.214683E+00  0.            0.            0.145745E+03  000001
 -0.125584E-03  0.307947E-04  0.            0.           -0.300818E-02  200000
  0.334020E-03  0.118323E-05  0.            0.            0.333443E-02  110000
  0.            0.           -0.447350E-03 -0.354524E-03  0.            101000
  0.            0.           -0.385500E-03 -0.755182E-04  0.            100100
  0.            0.            0.            0.            0.            100010
 -0.116909E+00 -0.525917E-01  0.            0.           -0.683866E-01  100001
 -0.166664E-03 -0.167832E-03  0.            0.           -0.335609E-02  020000
  0.            0.            0.112633E-04 -0.165244E-05  0.            011000
  0.            0.           -0.188263E-04 -0.148335E-04  0.            010100
  0.            0.            0.            0.            0.            010010
  0.698235E-01 -0.545450E-01  0.            0.           -0.873689E-03  010001
 -0.162962E-03 -0.161721E-03  0.            0.           -0.534551E-02  002000
  0.614751E-04  0.464870E-04  0.            0.           -0.319967E-02  001100
  0.            0.            0.            0.            0.            001010
  0.            0.           -0.135675E+00 -0.176490E+00  0.            001001
  0.157369E-03  0.153947E-03  0.            0.           -0.602341E-02  000200
  0.            0.            0.            0.            0.            000110
  0.            0.            0.259799E+00  0.378579E-01  0.            000101
  0.            0.            0.            0.            0.            000020
  0.            0.            0.            0.            0.            000011
 -0.651022E+00 -0.625510E+00  0.            0.           -0.281165E+01  000002
  0.586727E-04  0.227224E-04  0.            0.            0.129352E-04  300000
 -0.111401E-03 -0.151488E-04  0.            0.           -0.118252E-04  210000
  0.            0.            0.202178E-03  0.159833E-03  0.            201000
  0.            0.           -0.309623E-03 -0.112296E-03  0.            200100
  0.            0.            0.            0.            0.            200010
  0.787743E-03  0.511784E-03  0.            0.            0.605569E-03  200001
  0.997285E-04  0.340044E-04  0.            0.            0.143355E-04  120000
  0.            0.           -0.208073E-03 -0.937479E-04  0.            111000
  0.            0.            0.453808E-03  0.210612E-03  0.            110100
  0.            0.            0.            0.            0.            110010
 -0.523682E-03  0.547637E-06  0.            0.           -0.112933E-03  110001
  0.148210E-03  0.121493E-03  0.            0.            0.852397E-04  102000
 -0.618828E-04  0.457895E-04  0.            0.           -0.163409E-04  101100
  0.            0.            0.            0.            0.            101010
  0.            0.            0.395201E-02  0.336365E-02  0.            101001
  0.200218E-03  0.822877E-04  0.            0.            0.184102E-04  100200
  0.            0.            0.            0.            0.            100110
  0.            0.           -0.137995E-02 -0.587634E-03  0.            100101
  0.            0.            0.            0.            0.            100020
  0.            0.            0.            0.            0.            100011
  0.120099E-01  0.542235E-02  0.            0.            0.791371E-02  100002
 -0.242693E-04  0.224390E-04  0.            0.           -0.890825E-07  030000
  0.            0.            0.511229E-04  0.104617E-03  0.            021000
  0.            0.           -0.311157E-03 -0.493762E-04  0.            020100
  0.            0.            0.            0.            0.            020010
  0.264577E-03  0.260960E-03  0.            0.            0.110241E-03  020001
 -0.302819E-04  0.987891E-04  0.            0.            0.156981E-04  012000
  0.102263E-03  0.227252E-03  0.            0.            0.658985E-04  011100
  0.            0.            0.            0.            0.            011010
  0.            0.           -0.110090E-02  0.494625E-04  0.            011001
 -0.130391E-03  0.131943E-03  0.            0.            0.537708E-05  010200
  0.            0.            0.            0.            0.            010110
  0.            0.            0.126360E-02  0.118949E-02  0.            010101
  0.            0.            0.            0.            0.            010020
  0.            0.            0.            0.            0.            010011
  0.366497E-02  0.554639E-02  0.            0.            0.173194E-02  010002
  0.            0.            0.183331E-03  0.215716E-03  0.            003000
  0.            0.           -0.165102E-03  0.621629E-04  0.            002100
  0.            0.            0.            0.            0.            002010
  0.162561E-02  0.183041E-02  0.            0.            0.155421E-02  002001
  0.            0.           -0.362661E-04  0.152318E-03  0.            001200
  0.            0.            0.            0.            0.            001110
 -0.263767E-03  0.913146E-03  0.            0.            0.211133E-03  001101
  0.            0.            0.            0.            0.            001020
  0.            0.            0.            0.            0.            001011
  0.            0.            0.593175E-01  0.375341E-01  0.            001002
  0.            0.           -0.327973E-03 -0.515580E-04  0.            000300
  0.            0.            0.            0.            0.            000210
  0.372801E-03  0.403070E-03  0.            0.            0.379529E-03  000201
  0.            0.            0.            0.            0.            000120
  0.            0.            0.            0.            0.            000111
  0.            0.            0.146182E-01  0.195759E-01  0.            000102
  0.            0.            0.            0.            0.            000030
  0.            0.            0.            0.            0.            000021
  0.            0.            0.            0.            0.            000012
  0.788588E-01  0.349274E-01  0.            0.            0.781363E-01  000003
-------------------------------------------------------------------------------
F9-F9.5
 -0.628275E-02 -0.268033E+00  0.            0.            0.            100000
  0.373071E+01 -0.740335E-02  0.            0.            0.            010000
  0.            0.           -0.253777E-01 -0.405918E+00  0.            001000
  0.            0.            0.246201E+01 -0.246552E-01  0.            000100
  0.            0.            0.            0.            0.100000E+01  000010
  0.            0.            0.            0.            0.223667E+02  000001
  0.            0.            0.            0.           -0.972666E-04  200000
  0.            0.            0.            0.            0.611734E-04  110000
  0.            0.            0.            0.            0.            101000
  0.            0.            0.            0.            0.            100100
  0.            0.            0.            0.            0.            100010
  0.134382E-01 -0.330447E-03  0.            0.            0.            100001
  0.            0.            0.            0.           -0.135363E-02  020000
  0.            0.            0.            0.            0.            011000
  0.            0.            0.            0.            0.            010100
  0.            0.            0.            0.            0.            010010
 -0.391295E-02  0.134517E-01  0.            0.            0.            010001
  0.            0.            0.            0.           -0.290105E-03  002000
  0.            0.            0.            0.           -0.959995E-03  001100
  0.            0.            0.            0.            0.            001010
  0.            0.            0.269158E-01  0.695426E-02  0.            001001
  0.            0.            0.            0.           -0.181837E-02  000200
  0.            0.            0.            0.            0.            000110
  0.            0.            0.454969E-01  0.269103E-01  0.            000101
  0.            0.            0.            0.            0.            000020
  0.            0.            0.            0.            0.            000011
  0.            0.            0.            0.           -0.335500E+00  000002
 -0.102570E-05 -0.180387E-06  0.            0.            0.            300000
 -0.765941E-05 -0.179607E-05  0.            0.            0.            210000
  0.            0.           -0.504279E-05 -0.188478E-05  0.            201000
  0.            0.           -0.120318E-04 -0.469848E-05  0.            200100
  0.            0.            0.            0.            0.            200010
  0.            0.            0.            0.            0.264162E-05  200001
 -0.253897E-04 -0.762963E-05  0.            0.            0.            120000
  0.            0.           -0.308056E-04 -0.119883E-04  0.            111000
  0.            0.           -0.765085E-04 -0.307888E-04  0.            110100
  0.            0.            0.            0.            0.            110010
  0.            0.            0.            0.            0.415257E-06  110001
 -0.749649E-05 -0.162024E-05  0.            0.            0.            102000
 -0.357416E-04 -0.804410E-05  0.            0.            0.            101100
  0.            0.            0.            0.            0.            101010
  0.            0.            0.            0.            0.            101001
 -0.445066E-04 -0.103237E-04  0.            0.            0.            100200
  0.            0.            0.            0.            0.            100110
  0.            0.            0.            0.            0.            100101
  0.            0.            0.            0.            0.            100020
  0.            0.            0.            0.            0.            100011
 -0.182039E-03  0.233838E-04  0.            0.            0.            100002
 -0.359702E-04 -0.144127E-04  0.            0.            0.            030000
  0.            0.           -0.661608E-04 -0.265300E-04  0.            021000
  0.            0.           -0.169367E-03 -0.709533E-04  0.            020100
  0.            0.            0.            0.            0.            020010
  0.            0.            0.            0.            0.368409E-04  020001
 -0.229224E-04 -0.697263E-05  0.            0.            0.            012000
 -0.113788E-03 -0.356646E-04  0.            0.            0.            011100
  0.            0.            0.            0.            0.            011010
  0.            0.            0.            0.            0.            011001
 -0.146041E-03 -0.476538E-04  0.            0.            0.            010200
  0.            0.            0.            0.            0.            010110
  0.            0.            0.            0.            0.            010101
  0.            0.            0.            0.            0.            010020
  0.            0.            0.            0.            0.            010011
 -0.353421E-03 -0.182246E-03  0.            0.            0.            010002
  0.            0.           -0.649540E-05 -0.250566E-05  0.            003000
  0.            0.           -0.479575E-04 -0.188942E-04  0.            002100
  0.            0.            0.            0.            0.            002010
  0.            0.            0.            0.            0.122121E-04  002001
  0.            0.           -0.120507E-03 -0.479177E-04  0.            001200
  0.            0.            0.            0.            0.            001110
  0.            0.            0.            0.            0.532777E-04  001101
  0.            0.            0.            0.            0.            001020
  0.            0.            0.            0.            0.            001011
  0.            0.           -0.564362E-03 -0.111960E-03  0.            001002
  0.            0.           -0.101904E-03 -0.413604E-04  0.            000300
  0.            0.            0.            0.            0.            000210
  0.            0.            0.            0.            0.773259E-04  000201
  0.            0.            0.            0.            0.            000120
  0.            0.            0.            0.            0.            000111
  0.            0.           -0.175354E-02 -0.564304E-03  0.            000102
  0.            0.            0.            0.            0.            000030
  0.            0.            0.            0.            0.            000021
  0.            0.            0.            0.            0.            000012
  0.            0.            0.            0.            0.528633E-02  000003
-------------------------------------------------------------------------------
F9-F10
 -0.999035E+00  0.422754E-02  0.            0.            0.            100000
 -0.514603E-01 -0.100075E+01  0.            0.            0.            010000
  0.            0.           -0.999311E+00  0.198746E-01  0.            001000
  0.            0.           -0.122838E+00 -0.998246E+00  0.            000100
  0.            0.            0.            0.            0.100000E+01  000010
  0.            0.            0.            0.            0.447334E+02  000001
  0.            0.            0.            0.           -0.194444E-03  200000
  0.            0.            0.            0.           -0.866633E-07  110000
  0.            0.            0.            0.            0.            101000
  0.            0.            0.            0.            0.            100100
  0.            0.            0.            0.            0.            100010
 -0.369148E-03 -0.721002E-02  0.            0.            0.            100001
  0.            0.            0.            0.           -0.270962E-02  020000
  0.            0.            0.            0.            0.            011000
  0.            0.            0.            0.            0.            010100
  0.            0.            0.            0.            0.            010010
  0.100301E+00 -0.426044E-03  0.            0.            0.            010001
  0.            0.            0.            0.           -0.599777E-03  002000
  0.            0.            0.            0.           -0.175113E-05  001100
  0.            0.            0.            0.            0.            001010
  0.            0.           -0.269743E-02 -0.221849E-01  0.            001001
  0.            0.            0.            0.           -0.351932E-02  000200
  0.            0.            0.            0.            0.            000110
  0.            0.            0.130306E+00 -0.262402E-02  0.            000101
  0.            0.            0.            0.            0.            000020
  0.            0.            0.            0.            0.            000011
  0.            0.            0.            0.           -0.671001E+00  000002
  0.392707E-07  0.558308E-06  0.            0.            0.            300000
 -0.134936E-04  0.253611E-07  0.            0.            0.            210000
  0.            0.            0.603785E-06  0.423240E-05  0.            201000
  0.            0.           -0.228108E-04  0.370785E-06  0.            200100
  0.            0.            0.            0.            0.            200010
  0.            0.            0.            0.            0.485121E-05  200001
  0.188680E-06  0.135172E-04  0.            0.            0.            120000
  0.            0.           -0.605806E-04 -0.114814E-07  0.            111000
  0.            0.            0.471831E-07  0.605137E-04  0.            110100
  0.            0.            0.            0.            0.            110010
  0.            0.            0.            0.           -0.290572E-07  110001
  0.825426E-06  0.424209E-05  0.            0.            0.            102000
 -0.604232E-04  0.898761E-07  0.            0.            0.            101100
  0.            0.            0.            0.            0.            101010
  0.            0.            0.            0.            0.            101001
 -0.251544E-05  0.228491E-04  0.            0.            0.            100200
  0.            0.            0.            0.            0.            100110
  0.            0.            0.            0.            0.            100101
  0.            0.            0.            0.            0.            100020
  0.            0.            0.            0.            0.            100011
  0.366211E-03  0.884117E-04  0.            0.            0.            100002
 -0.105939E-03  0.617384E-06  0.            0.            0.            030000
  0.            0.            0.524802E-05  0.543516E-04  0.            021000
  0.            0.           -0.337271E-03  0.814635E-05  0.            020100
  0.            0.            0.            0.            0.            020010
  0.            0.            0.            0.            0.797331E-04  020001
 -0.543973E-04 -0.378142E-06  0.            0.            0.            012000
  0.239487E-06  0.605304E-04  0.            0.            0.            011100
  0.            0.            0.            0.            0.            011010
  0.            0.            0.            0.            0.            011001
 -0.337164E-03  0.512346E-05  0.            0.            0.            010200
  0.            0.            0.            0.            0.            010110
  0.            0.            0.            0.            0.            010101
  0.            0.            0.            0.            0.            010020
  0.            0.            0.            0.            0.            010011
 -0.145713E-02  0.367911E-03  0.            0.            0.            010002
  0.            0.            0.132705E-05  0.566772E-05  0.            003000
  0.            0.           -0.954025E-04  0.105573E-07  0.            002100
  0.            0.            0.            0.            0.            002010
  0.            0.            0.            0.            0.468203E-04  002001
  0.            0.            0.312791E-07  0.953015E-04  0.            001200
  0.            0.            0.            0.            0.            001110
  0.            0.            0.            0.            0.526931E-05  001101
  0.            0.            0.            0.            0.            001020
  0.            0.            0.            0.            0.            001011
  0.            0.            0.150572E-02  0.838055E-03  0.            001002
  0.            0.           -0.189298E-03  0.765930E-05  0.            000300
  0.            0.            0.            0.            0.            000210
  0.            0.            0.            0.            0.230910E-04  000201
  0.            0.            0.            0.            0.            000120
  0.            0.            0.            0.            0.            000111
  0.            0.           -0.243514E-03  0.150363E-02  0.            000102
  0.            0.            0.            0.            0.            000030
  0.            0.            0.            0.            0.            000021
  0.            0.            0.            0.            0.            000012
  0.            0.            0.            0.            0.105727E-01  000003
-------------------------------------------------------------------------------
F9-F11
  0.501329E+00 -0.236932E+00  0.            0.           -0.523041E-02  100000
  0.426095E-01  0.197456E+01  0.            0.            0.134395E+01  010000
  0.            0.            0.444791E+00  0.737752E-01  0.            001000
  0.            0.            0.148855E+00  0.227294E+01  0.            000100
  0.            0.            0.            0.            0.100000E+01  000010
  0.124902E+02 -0.570965E+01  0.            0.            0.932408E+02  000001
 -0.258251E-04  0.110216E-04  0.            0.           -0.365295E-03  200000
  0.170485E-03  0.124733E-03  0.            0.            0.930525E-03  110000
  0.            0.            0.302085E-04 -0.297887E-04  0.            101000
  0.            0.           -0.179556E-03 -0.194120E-03  0.            100100
  0.            0.            0.            0.            0.            100010
  0.795220E-02  0.232094E-01  0.            0.            0.875811E-02  100001
 -0.235206E-03 -0.219279E-03  0.            0.           -0.748433E-02  020000
  0.            0.            0.288508E-04  0.326347E-03  0.            011000
  0.            0.           -0.484699E-03 -0.118609E-03  0.            010100
  0.            0.            0.            0.            0.            010010
 -0.135603E+00  0.347387E-01  0.            0.            0.140823E-03  010001
 -0.361818E-04  0.166246E-05  0.            0.           -0.794331E-03  002000
  0.540684E-05 -0.148360E-03  0.            0.            0.445729E-03  001100
  0.            0.            0.            0.            0.            001010
  0.            0.            0.881170E-02  0.668168E-01  0.            001001
 -0.263650E-03  0.502820E-03  0.            0.           -0.160873E-01  000200
  0.            0.            0.            0.            0.            000110
  0.            0.           -0.270960E+00 -0.676105E-01  0.            000101
  0.            0.            0.            0.            0.            000020
  0.            0.            0.            0.            0.            000011
  0.896530E-01  0.130161E+00  0.            0.           -0.144943E+01  000002
 -0.580089E-06 -0.190442E-05  0.            0.           -0.100497E-05  300000
  0.199562E-04 -0.304243E-05  0.            0.           -0.179454E-05  210000
  0.            0.           -0.155394E-05 -0.130996E-04  0.            201000
  0.            0.            0.452196E-04  0.110825E-04  0.            200100
  0.            0.            0.            0.            0.            200010
 -0.542829E-04 -0.223185E-04  0.            0.            0.185574E-04  200001
 -0.594422E-04 -0.507992E-04  0.            0.           -0.239009E-04  120000
  0.            0.            0.530812E-04  0.336794E-05  0.            111000
  0.            0.           -0.329649E-03 -0.324880E-03  0.            110100
  0.            0.            0.            0.            0.            110010
  0.549221E-03  0.167773E-03  0.            0.           -0.725106E-04  110001
  0.362424E-06 -0.115663E-04  0.            0.           -0.732637E-05  102000
  0.603827E-04 -0.222185E-04  0.            0.           -0.744410E-05  101100
  0.            0.            0.            0.            0.            101010
  0.            0.           -0.973252E-04 -0.472218E-04  0.            101001
 -0.179925E-03 -0.116653E-03  0.            0.           -0.385662E-04  100200
  0.            0.            0.            0.            0.            100110
  0.            0.            0.157908E-02  0.743066E-03  0.            100101
  0.            0.            0.            0.            0.            100020
  0.            0.            0.            0.            0.            100011
 -0.254016E-02 -0.642412E-03  0.            0.            0.797599E-05  100002
  0.210342E-03 -0.227972E-04  0.            0.           -0.563355E-05  030000
  0.            0.           -0.549814E-04 -0.176607E-03  0.            021000
  0.            0.            0.123820E-02  0.426884E-03  0.            020100
  0.            0.            0.            0.            0.            020010
 -0.159663E-02 -0.350070E-03  0.            0.            0.902262E-04  020001
  0.372873E-04 -0.200542E-04  0.            0.           -0.368532E-05  012000
 -0.103947E-03 -0.190447E-03  0.            0.           -0.105519E-03  011100
  0.            0.            0.            0.            0.            011010
  0.            0.            0.439026E-03  0.217685E-03  0.            011001
  0.139382E-02  0.401597E-04  0.            0.           -0.366868E-04  010200
  0.            0.            0.            0.            0.            010110
  0.            0.           -0.823897E-02 -0.380206E-02  0.            010101
  0.            0.            0.            0.            0.            010020
  0.            0.            0.            0.            0.            010011
  0.765620E-02 -0.497063E-03  0.            0.           -0.641873E-03  010002
  0.            0.           -0.323461E-06 -0.155228E-04  0.            003000
  0.            0.            0.663562E-04  0.356163E-06  0.            002100
  0.            0.            0.            0.            0.            002010
 -0.162516E-04 -0.100827E-04  0.            0.            0.685683E-04  002001
  0.            0.           -0.238702E-03 -0.378481E-03  0.            001200
  0.            0.            0.            0.            0.            001110
  0.546978E-03  0.191505E-03  0.            0.           -0.637446E-03  001101
  0.            0.            0.            0.            0.            001020
  0.            0.            0.            0.            0.            001011
  0.            0.           -0.796164E-02 -0.464732E-02  0.            001002
  0.            0.            0.158821E-02  0.627860E-03  0.            000300
  0.            0.            0.            0.            0.            000210
 -0.465536E-02 -0.124899E-02  0.            0.            0.366018E-03  000201
  0.            0.            0.            0.            0.            000120
  0.            0.            0.            0.            0.            000111
  0.            0.            0.216925E-01  0.336334E-02  0.            000102
  0.            0.            0.            0.            0.            000030
  0.            0.            0.            0.            0.            000021
  0.            0.            0.            0.            0.            000012
 -0.154877E-01 -0.636644E-02  0.            0.            0.243260E-01  000003
-------------------------------------------------------------------------------
F9-F11+1m
  0.264397E+00 -0.236932E+00  0.            0.           -0.523041E-02  100000
  0.201717E+01  0.197456E+01  0.            0.            0.134395E+01  010000
  0.            0.            0.518566E+00  0.737752E-01  0.            001000
  0.            0.            0.242179E+01  0.227294E+01  0.            000100
  0.            0.            0.            0.            0.100000E+01  000010
  0.678060E+01 -0.570965E+01  0.            0.            0.971689E+02  000001
 -0.148035E-04  0.110216E-04  0.            0.           -0.380441E-03  200000
  0.295218E-03  0.124733E-03  0.            0.            0.118297E-02  110000
  0.            0.            0.419781E-06 -0.297887E-04  0.            101000
  0.            0.           -0.373676E-03 -0.194120E-03  0.            100100
  0.            0.            0.            0.            0.            100010
  0.335310E-01  0.232094E-01  0.            0.            0.802813E-02  100001
 -0.454485E-03 -0.219279E-03  0.            0.           -0.853626E-02  020000
  0.            0.            0.355198E-03  0.326347E-03  0.            011000
  0.            0.           -0.603308E-03 -0.118609E-03  0.            010100
  0.            0.            0.            0.            0.            010010
 -0.120610E+00  0.347387E-01  0.            0.            0.622437E-02  010001
 -0.345194E-04  0.166246E-05  0.            0.           -0.795800E-03  002000
 -0.142953E-03 -0.148360E-03  0.            0.            0.355244E-03  001100
  0.            0.            0.            0.            0.            001010
  0.            0.            0.748908E-01  0.668168E-01  0.            001001
  0.239170E-03  0.502820E-03  0.            0.           -0.174812E-01  000200
  0.            0.            0.            0.            0.            000110
  0.            0.           -0.361299E+00 -0.676105E-01  0.            000101
  0.            0.            0.            0.            0.            000020
  0.            0.            0.            0.            0.            000011
  0.276910E+00  0.130161E+00  0.            0.           -0.151715E+01  000002
 -0.249116E-05 -0.190442E-05  0.            0.           -0.100356E-05  300000
  0.170801E-04 -0.304243E-05  0.            0.           -0.179033E-05  210000
  0.            0.           -0.146515E-04 -0.130996E-04  0.            201000
  0.            0.            0.563659E-04  0.110825E-04  0.            200100
  0.            0.            0.            0.            0.            200010
 -0.771924E-04 -0.223185E-04  0.            0.            0.219719E-04  200001
 -0.111627E-03 -0.507992E-04  0.            0.           -0.240618E-04  120000
  0.            0.            0.564146E-04  0.336794E-05  0.            111000
  0.            0.           -0.655593E-03 -0.324880E-03  0.            110100
  0.            0.            0.            0.            0.            110010
  0.723760E-03  0.167773E-03  0.            0.           -0.993010E-04  110001
 -0.112045E-04 -0.115663E-04  0.            0.           -0.732497E-05  102000
  0.381244E-04 -0.222185E-04  0.            0.           -0.741881E-05  101100
  0.            0.            0.            0.            0.            101010
  0.            0.           -0.144149E-03 -0.472218E-04  0.            101001
 -0.297189E-03 -0.116653E-03  0.            0.           -0.382638E-04  100200
  0.            0.            0.            0.            0.            100110
  0.            0.            0.232716E-02  0.743066E-03  0.            100101
  0.            0.            0.            0.            0.            100020
  0.            0.            0.            0.            0.            100011
 -0.345857E-02 -0.642412E-03  0.            0.            0.116038E-03  100002
  0.191394E-03 -0.227972E-04  0.            0.           -0.539992E-05  030000
  0.            0.           -0.231445E-03 -0.176607E-03  0.            021000
  0.            0.            0.166952E-02  0.426884E-03  0.            020100
  0.            0.            0.            0.            0.            020010
 -0.197790E-02 -0.350070E-03  0.            0.            0.812332E-04  020001
  0.172385E-04 -0.200542E-04  0.            0.           -0.370008E-05  012000
 -0.294062E-03 -0.190447E-03  0.            0.           -0.105756E-03  011100
  0.            0.            0.            0.            0.            011010
  0.            0.            0.652616E-03  0.217685E-03  0.            011001
  0.143908E-02  0.401597E-04  0.            0.           -0.370771E-04  010200
  0.            0.            0.            0.            0.            010110
  0.            0.           -0.120655E-01 -0.380206E-02  0.            010101
  0.            0.            0.            0.            0.            010020
  0.            0.            0.            0.            0.            010011
  0.717763E-02 -0.497063E-03  0.            0.           -0.839485E-03  010002
  0.            0.           -0.158460E-04 -0.155228E-04  0.            003000
  0.            0.            0.667309E-04  0.356163E-06  0.            002100
  0.            0.            0.            0.            0.            002010
 -0.263664E-04 -0.100827E-04  0.            0.            0.659536E-04  002001
  0.            0.           -0.616611E-03 -0.378481E-03  0.            001200
  0.            0.            0.            0.            0.            001110
  0.739009E-03  0.191505E-03  0.            0.           -0.714694E-03  001101
  0.            0.            0.            0.            0.            001020
  0.            0.            0.            0.            0.            001011
  0.            0.           -0.132659E-01 -0.464732E-02  0.            001002
  0.            0.            0.222194E-02  0.627860E-03  0.            000300
  0.            0.            0.            0.            0.            000210
 -0.592412E-02 -0.124899E-02  0.            0.            0.488515E-03  000201
  0.            0.            0.            0.            0.            000120
  0.            0.            0.            0.            0.            000111
  0.            0.            0.260790E-01  0.336334E-02  0.            000102
  0.            0.            0.            0.            0.            000030
  0.            0.            0.            0.            0.            000021
  0.            0.            0.            0.            0.            000012
 -0.240276E-01 -0.636644E-02  0.            0.            0.258955E-01  000003
-------------------------------------------------------------------------------
F9.5-F10
 -0.639685E-02 -0.268265E+00  0.            0.            0.            100000
  0.372743E+01 -0.948429E-02  0.            0.            0.            010000
  0.            0.           -0.252238E-01 -0.405696E+00  0.            001000
  0.            0.            0.246343E+01 -0.235982E-01  0.            000100
  0.            0.            0.            0.            0.100000E+01  000010
  0.            0.            0.            0.            0.223667E+02  000001
  0.            0.            0.            0.           -0.973004E-04  200000
  0.            0.            0.            0.            0.604533E-04  110000
  0.            0.            0.            0.            0.            101000
  0.            0.            0.            0.            0.            100100
  0.            0.            0.            0.            0.            100010
  0.134311E-01 -0.334642E-03  0.            0.            0.            100001
  0.            0.            0.            0.           -0.135402E-02  020000
  0.            0.            0.            0.            0.            011000
  0.            0.            0.            0.            0.            010100
  0.            0.            0.            0.            0.            010010
 -0.385369E-02  0.134694E-01  0.            0.            0.            010001
  0.            0.            0.            0.           -0.290042E-03  002000
  0.            0.            0.            0.           -0.959596E-03  001100
  0.            0.            0.            0.            0.            001010
  0.            0.            0.269224E-01  0.695873E-02  0.            001001
  0.            0.            0.            0.           -0.181830E-02  000200
  0.            0.            0.            0.            0.            000110
  0.            0.            0.454936E-01  0.269132E-01  0.            000101
  0.            0.            0.            0.            0.            000020
  0.            0.            0.            0.            0.            000011
  0.            0.            0.            0.           -0.335500E+00  000002
 -0.102515E-05 -0.180113E-06  0.            0.            0.            300000
 -0.765936E-05 -0.179585E-05  0.            0.            0.            210000
  0.            0.           -0.504636E-05 -0.188652E-05  0.            201000
  0.            0.           -0.120411E-04 -0.470304E-05  0.            200100
  0.            0.            0.            0.            0.            200010
  0.            0.            0.            0.            0.264089E-05  200001
 -0.254056E-04 -0.763749E-05  0.            0.            0.            120000
  0.            0.           -0.308369E-04 -0.120028E-04  0.            111000
  0.            0.           -0.765929E-04 -0.308291E-04  0.            110100
  0.            0.            0.            0.            0.            110010
  0.            0.            0.            0.            0.440977E-06  110001
 -0.749279E-05 -0.161847E-05  0.            0.            0.            102000
 -0.357267E-04 -0.803689E-05  0.            0.            0.            101100
  0.            0.            0.            0.            0.            101010
  0.            0.            0.            0.            0.            101001
 -0.444925E-04 -0.103166E-04  0.            0.            0.            100200
  0.            0.            0.            0.            0.            100110
  0.            0.            0.            0.            0.            100101
  0.            0.            0.            0.            0.            100020
  0.            0.            0.            0.            0.            100011
 -0.181819E-03  0.234610E-04  0.            0.            0.            100002
 -0.360169E-04 -0.144356E-04  0.            0.            0.            030000
  0.            0.           -0.662340E-04 -0.265642E-04  0.            021000
  0.            0.           -0.169571E-03 -0.710514E-04  0.            020100
  0.            0.            0.            0.            0.            020010
  0.            0.            0.            0.            0.368836E-04  020001
 -0.229192E-04 -0.697086E-05  0.            0.            0.            012000
 -0.113783E-03 -0.356613E-04  0.            0.            0.            011100
  0.            0.            0.            0.            0.            011010
  0.            0.            0.            0.            0.            011001
 -0.146055E-03 -0.476593E-04  0.            0.            0.            010200
  0.            0.            0.            0.            0.            010110
  0.            0.            0.            0.            0.            010101
  0.            0.            0.            0.            0.            010020
  0.            0.            0.            0.            0.            010011
 -0.354356E-03 -0.182418E-03  0.            0.            0.            010002
  0.            0.           -0.649788E-05 -0.250698E-05  0.            003000
  0.            0.           -0.479773E-04 -0.189045E-04  0.            002100
  0.            0.            0.            0.            0.            002010
  0.            0.            0.            0.            0.122108E-04  002001
  0.            0.           -0.120562E-03 -0.479453E-04  0.            001200
  0.            0.            0.            0.            0.            001110
  0.            0.            0.            0.            0.532575E-04  001101
  0.            0.            0.            0.            0.            001020
  0.            0.            0.            0.            0.            001011
  0.            0.           -0.564577E-03 -0.112044E-03  0.            001002
  0.            0.           -0.101954E-03 -0.413854E-04  0.            000300
  0.            0.            0.            0.            0.            000210
  0.            0.            0.            0.            0.772986E-04  000201
  0.            0.            0.            0.            0.            000120
  0.            0.            0.            0.            0.            000111
  0.            0.           -0.175394E-02 -0.564522E-03  0.            000102
  0.            0.            0.            0.            0.            000030
  0.            0.            0.            0.            0.            000021
  0.            0.            0.            0.            0.            000012
  0.            0.            0.            0.            0.528633E-02  000003
-------------------------------------------------------------------------------
F9.5-F11
  0.770923E-02  0.531001E+00  0.            0.            0.360261E+00  100000
 -0.187058E+01  0.871521E+00  0.            0.            0.110695E-01  010000
  0.            0.            0.494564E-01  0.920806E+00  0.            001000
  0.            0.           -0.109886E+01 -0.239317E+00  0.            000100
  0.            0.            0.            0.            0.100000E+01  000010
  0.124902E+02 -0.570965E+01  0.            0.            0.708671E+02  000001
 -0.172373E-04 -0.160003E-04  0.            0.           -0.442180E-03  200000
 -0.171103E-03 -0.123374E-03  0.            0.           -0.863429E-03  110000
  0.            0.           -0.523804E-04 -0.144833E-04  0.            101000
  0.            0.           -0.152248E-04 -0.215129E-03  0.            100100
  0.            0.            0.            0.            0.            100010
 -0.296450E-01  0.660385E-02  0.            0.            0.346767E-03  100001
 -0.355452E-03  0.156316E-03  0.            0.           -0.371034E-02  020000
  0.            0.            0.275931E-03  0.291581E-03  0.            011000
  0.            0.            0.260836E-03 -0.286961E-03  0.            010100
  0.            0.            0.            0.            0.            010010
 -0.262803E-01 -0.611905E-01  0.            0.           -0.146295E-01  010001
 -0.435175E-04  0.843350E-04  0.            0.           -0.236545E-02  002000
 -0.436079E-05  0.138017E-03  0.            0.           -0.117120E-02  001100
  0.            0.            0.            0.            0.            001010
  0.            0.           -0.992669E-01 -0.429172E-01  0.            001001
 -0.219148E-03  0.113128E-05  0.            0.           -0.297773E-02  000200
  0.            0.            0.            0.            0.            000110
  0.            0.           -0.310533E-01 -0.104949E+00  0.            000101
  0.            0.            0.            0.            0.            000020
  0.            0.            0.            0.            0.            000011
  0.896530E-01  0.130161E+00  0.            0.           -0.111373E+01  000002
  0.357588E-05  0.187034E-06  0.            0.            0.151940E-06  300000
  0.197011E-04  0.824593E-05  0.            0.            0.393621E-05  210000
  0.            0.            0.345148E-04  0.169304E-04  0.            201000
  0.            0.            0.123566E-04  0.206823E-04  0.            200100
  0.            0.            0.            0.            0.            200010
 -0.115219E-03 -0.250752E-04  0.            0.            0.608041E-05  200001
  0.614918E-04  0.964804E-05  0.            0.            0.368496E-05  120000
  0.            0.            0.146327E-03  0.106671E-03  0.            111000
  0.            0.            0.926989E-04  0.646343E-04  0.            110100
  0.            0.            0.            0.            0.            110010
 -0.545953E-03 -0.170544E-03  0.            0.            0.560716E-04  110001
  0.583744E-04  0.740047E-05  0.            0.            0.927205E-06  102000
  0.393436E-04  0.255693E-04  0.            0.            0.172697E-04  101100
  0.            0.            0.            0.            0.            101010
  0.            0.           -0.904019E-03 -0.415839E-03  0.            101001
  0.371557E-04 -0.428723E-05  0.            0.            0.668781E-05  100200
  0.            0.            0.            0.            0.            100110
  0.            0.           -0.239911E-03 -0.122529E-03  0.            100101
  0.            0.            0.            0.            0.            100020
  0.            0.            0.            0.            0.            100011
  0.204068E-02  0.192318E-03  0.            0.           -0.847000E-04  100002
  0.457856E-04  0.622209E-04  0.            0.            0.328078E-04  030000
  0.            0.            0.227399E-03  0.119410E-03  0.            021000
  0.            0.            0.991439E-04  0.296293E-03  0.            020100
  0.            0.            0.            0.            0.            020010
 -0.750470E-03 -0.313257E-03  0.            0.            0.185045E-03  020001
  0.122607E-03  0.516329E-04  0.            0.            0.139760E-04  012000
  0.154929E-03  0.978967E-05  0.            0.            0.205323E-04  011100
  0.            0.            0.            0.            0.            011010
  0.            0.           -0.238984E-02 -0.112305E-02  0.            011001
  0.480124E-04  0.139037E-03  0.            0.            0.102813E-03  010200
  0.            0.            0.            0.            0.            010110
  0.            0.           -0.716764E-03 -0.356522E-03  0.            010101
  0.            0.            0.            0.            0.            010020
  0.            0.            0.            0.            0.            010011
  0.780632E-02  0.251413E-02  0.            0.           -0.236202E-03  010002
  0.            0.            0.104693E-03  0.487502E-04  0.            003000
  0.            0.            0.985893E-04  0.106119E-03  0.            002100
  0.            0.            0.            0.            0.            002010
 -0.770946E-03 -0.212206E-03  0.            0.            0.151365E-03  002001
  0.            0.            0.105849E-03  0.892393E-04  0.            001200
  0.            0.            0.            0.            0.            001110
 -0.453511E-03 -0.155406E-03  0.            0.            0.435759E-03  001101
  0.            0.            0.            0.            0.            001020
  0.            0.            0.            0.            0.            001011
  0.            0.            0.108893E-01  0.396175E-02  0.            001002
  0.            0.            0.341717E-04  0.145624E-03  0.            000300
  0.            0.            0.            0.            0.            000210
 -0.754318E-04 -0.406068E-04  0.            0.            0.113554E-03  000201
  0.            0.            0.            0.            0.            000120
  0.            0.            0.            0.            0.            000111
  0.            0.            0.120512E-01  0.534104E-02  0.            000102
  0.            0.            0.            0.            0.            000030
  0.            0.            0.            0.            0.            000021
  0.            0.            0.            0.            0.            000012
 -0.154877E-01 -0.636644E-02  0.            0.            0.190347E-01  000003
-------------------------------------------------------------------------------
F9.5-F11+1m
  0.538710E+00  0.531001E+00  0.            0.            0.360261E+00  100000
 -0.999062E+00  0.871521E+00  0.            0.            0.110695E-01  010000
  0.            0.            0.970262E+00  0.920806E+00  0.            001000
  0.            0.           -0.133818E+01 -0.239317E+00  0.            000100
  0.            0.            0.            0.            0.100000E+01  000010
  0.678060E+01 -0.570965E+01  0.            0.            0.747952E+02  000001
 -0.332376E-04 -0.160003E-04  0.            0.           -0.518254E-03  200000
 -0.294477E-03 -0.123374E-03  0.            0.           -0.111315E-02  110000
  0.            0.           -0.668638E-04 -0.144833E-04  0.            101000
  0.            0.           -0.230354E-03 -0.215129E-03  0.            100100
  0.            0.            0.            0.            0.            100010
 -0.283511E-01  0.660385E-02  0.            0.            0.198276E-02  100001
 -0.199137E-03  0.156316E-03  0.            0.           -0.391526E-02  020000
  0.            0.            0.567512E-03  0.291581E-03  0.            011000
  0.            0.           -0.261247E-04 -0.286961E-03  0.            010100
  0.            0.            0.            0.            0.            010010
 -0.961860E-01 -0.611905E-01  0.            0.           -0.119443E-01  010001
  0.408175E-04  0.843350E-04  0.            0.           -0.259422E-02  002000
  0.133656E-03  0.138017E-03  0.            0.           -0.105229E-02  001100
  0.            0.            0.            0.            0.            001010
  0.            0.           -0.151392E+00 -0.429172E-01  0.            001001
 -0.218017E-03  0.113128E-05  0.            0.           -0.299318E-02  000200
  0.            0.            0.            0.            0.            000110
  0.            0.           -0.133609E+00 -0.104949E+00  0.            000101
  0.            0.            0.            0.            0.            000020
  0.            0.            0.            0.            0.            000011
  0.276910E+00  0.130161E+00  0.            0.           -0.118144E+01  000002
  0.383777E-05  0.187034E-06  0.            0.            0.156525E-06  300000
  0.283156E-04  0.824593E-05  0.            0.            0.397908E-05  210000
  0.            0.            0.515750E-04  0.169304E-04  0.            201000
  0.            0.            0.330052E-04  0.206823E-04  0.            200100
  0.            0.            0.            0.            0.            200010
 -0.142549E-03 -0.250752E-04  0.            0.            0.621417E-05  200001
  0.717448E-04  0.964804E-05  0.            0.            0.369819E-05  120000
  0.            0.            0.253424E-03  0.106671E-03  0.            111000
  0.            0.            0.157222E-03  0.646343E-04  0.            110100
  0.            0.            0.            0.            0.            110010
 -0.723190E-03 -0.170544E-03  0.            0.            0.769311E-04  110001
  0.660000E-04  0.740047E-05  0.            0.            0.910236E-06  102000
  0.647958E-04  0.255693E-04  0.            0.            0.173352E-04  101100
  0.            0.            0.            0.            0.            101010
  0.            0.           -0.132250E-02 -0.415839E-03  0.            101001
  0.328836E-04 -0.428723E-05  0.            0.            0.665970E-05  100200
  0.            0.            0.            0.            0.            100110
  0.            0.           -0.359564E-03 -0.122529E-03  0.            100101
  0.            0.            0.            0.            0.            100020
  0.            0.            0.            0.            0.            100011
  0.226535E-02  0.192318E-03  0.            0.           -0.146278E-03  100002
  0.108338E-03  0.622209E-04  0.            0.            0.327343E-04  030000
  0.            0.            0.347158E-03  0.119410E-03  0.            021000
  0.            0.            0.395346E-03  0.296293E-03  0.            020100
  0.            0.            0.            0.            0.            020010
 -0.107180E-02 -0.313257E-03  0.            0.            0.219893E-03  020001
  0.174609E-03  0.516329E-04  0.            0.            0.137914E-04  012000
  0.164526E-03  0.978967E-05  0.            0.            0.206477E-04  011100
  0.            0.            0.            0.            0.            011010
  0.            0.           -0.352039E-02 -0.112305E-02  0.            011001
  0.187075E-03  0.139037E-03  0.            0.            0.102776E-03  010200
  0.            0.            0.            0.            0.            010110
  0.            0.           -0.106923E-02 -0.356522E-03  0.            010101
  0.            0.            0.            0.            0.            010020
  0.            0.            0.            0.            0.            010011
  0.110939E-01  0.251413E-02  0.            0.           -0.559189E-03  010002
  0.            0.            0.153833E-03  0.487502E-04  0.            003000
  0.            0.            0.204404E-03  0.106119E-03  0.            002100
  0.            0.            0.            0.            0.            002010
 -0.986417E-03 -0.212206E-03  0.            0.            0.179189E-03  002001
  0.            0.            0.195167E-03  0.892393E-04  0.            001200
  0.            0.            0.            0.            0.            001110
 -0.609038E-03 -0.155406E-03  0.            0.            0.479544E-03  001101
  0.            0.            0.            0.            0.            001020
  0.            0.            0.            0.            0.            001011
  0.            0.            0.154208E-01  0.396175E-02  0.            001002
  0.            0.            0.179789E-03  0.145624E-03  0.            000300
  0.            0.            0.            0.            0.            000210
 -0.116213E-03 -0.406068E-04  0.            0.            0.100426E-03  000201
  0.            0.            0.            0.            0.            000120
  0.            0.            0.            0.            0.            000111
  0.            0.            0.184051E-01  0.534104E-02  0.            000102
  0.            0.            0.            0.            0.            000030
  0.            0.            0.            0.            0.            000021
  0.            0.            0.            0.            0.            000012
 -0.240276E-01 -0.636644E-02  0.            0.            0.206042E-01  000003
-------------------------------------------------------------------------------
F10-F11
 -0.501885E+00  0.228762E+00  0.            0.           -0.447267E-03  100000
 -0.167698E-01 -0.198485E+01  0.            0.           -0.134292E+01  010000
  0.            0.           -0.446970E+00 -0.118819E+00  0.            001000
  0.            0.           -0.941150E-01 -0.226231E+01  0.            000100
  0.            0.            0.            0.            0.100000E+01  000010
  0.124902E+02 -0.570965E+01  0.            0.            0.484935E+02  000001
 -0.251467E-04  0.115619E-04  0.            0.           -0.167255E-03  200000
  0.171084E-03  0.121691E-03  0.            0.            0.907472E-03  110000
  0.            0.            0.266879E-04 -0.322524E-04  0.            101000
  0.            0.           -0.185342E-03 -0.191140E-03  0.            100100
  0.            0.            0.            0.            0.            100010
 -0.729122E-02 -0.903163E-02  0.            0.            0.929870E-03  100001
 -0.243585E-03 -0.225239E-03  0.            0.           -0.481380E-02  020000
  0.            0.            0.177803E-04  0.324834E-03  0.            011000
  0.            0.           -0.478013E-03 -0.148668E-03  0.            010100
  0.            0.            0.            0.            0.            010010
  0.855658E-01 -0.104680E-01  0.            0.            0.338518E-03  010001
 -0.360519E-04 -0.108817E-05  0.            0.           -0.189959E-03  002000
  0.378120E-05 -0.128070E-03  0.            0.           -0.621399E-05  001100
  0.            0.            0.            0.            0.            001010
  0.            0.           -0.127519E-02 -0.151091E-01  0.            001001
 -0.264497E-03  0.520364E-03  0.            0.           -0.126085E-01  000200
  0.            0.            0.            0.            0.            000110
  0.            0.            0.213477E+00  0.600222E-01  0.            000101
  0.            0.            0.            0.            0.            000020
  0.            0.            0.            0.            0.            000011
  0.896530E-01  0.130161E+00  0.            0.           -0.778016E+00  000002
  0.497479E-06  0.807088E-06  0.            0.            0.263342E-06  300000
 -0.127796E-04 -0.164161E-07  0.            0.            0.177607E-05  210000
  0.            0.            0.105569E-06  0.330153E-05  0.            201000
  0.            0.           -0.338325E-04 -0.885776E-05  0.            200100
  0.            0.            0.            0.            0.            200010
 -0.533070E-04 -0.225256E-04  0.            0.            0.684901E-05  200001
  0.583965E-04  0.239564E-04  0.            0.            0.562071E-05  120000
  0.            0.           -0.193116E-04  0.762494E-05  0.            111000
  0.            0.            0.321146E-03  0.184805E-03  0.            110100
  0.            0.            0.            0.            0.            110010
  0.539561E-03  0.172612E-03  0.            0.           -0.378032E-04  110001
 -0.140629E-05  0.355805E-05  0.            0.            0.179363E-05  102000
 -0.223018E-04  0.104424E-04  0.            0.            0.733611E-05  101100
  0.            0.            0.            0.            0.            101010
  0.            0.           -0.606736E-04 -0.298951E-04  0.            101001
  0.179145E-03  0.691478E-04  0.            0.            0.711372E-05  100200
  0.            0.            0.            0.            0.            100110
  0.            0.            0.156301E-02  0.729570E-03  0.            100101
  0.            0.            0.            0.            0.            100020
  0.            0.            0.            0.            0.            100011
  0.170909E-02  0.623740E-03  0.            0.           -0.128805E-03  100002
 -0.159800E-03 -0.388898E-05  0.            0.            0.454721E-05  030000
  0.            0.            0.267633E-04  0.444087E-04  0.            021000
  0.            0.           -0.110810E-02 -0.420338E-03  0.            020100
  0.            0.            0.            0.            0.            020010
 -0.160475E-02 -0.345854E-03  0.            0.            0.105715E-03  020001
 -0.831023E-05  0.948673E-05  0.            0.            0.459952E-05  012000
  0.572149E-04  0.623171E-04  0.            0.            0.238735E-04  011100
  0.            0.            0.            0.            0.            011010
  0.            0.            0.290917E-03  0.143284E-03  0.            011001
 -0.124406E-02 -0.139249E-03  0.            0.            0.266191E-04  010200
  0.            0.            0.            0.            0.            010110
  0.            0.           -0.837733E-02 -0.383775E-02  0.            010101
  0.            0.            0.            0.            0.            010020
  0.            0.            0.            0.            0.            010011
 -0.778075E-02 -0.149986E-02  0.            0.            0.247738E-03  010002
  0.            0.           -0.118980E-05  0.280593E-05  0.            003000
  0.            0.           -0.158890E-04  0.156356E-04  0.            002100
  0.            0.            0.            0.            0.            002010
 -0.725809E-05 -0.389727E-05  0.            0.            0.921850E-05  002001
  0.            0.            0.144078E-03  0.121929E-03  0.            001200
  0.            0.            0.            0.            0.            001110
  0.365705E-03  0.120037E-03  0.            0.           -0.120955E-03  001101
  0.            0.            0.            0.            0.            001020
  0.            0.            0.            0.            0.            001011
  0.            0.            0.202474E-02  0.110152E-02  0.            001002
  0.            0.           -0.152975E-02 -0.641229E-03  0.            000300
  0.            0.            0.            0.            0.            000210
 -0.471590E-02 -0.128755E-02  0.            0.            0.418264E-03  000201
  0.            0.            0.            0.            0.            000120
  0.            0.            0.            0.            0.            000111
  0.            0.           -0.227403E-01 -0.901627E-02  0.            000102
  0.            0.            0.            0.            0.            000030
  0.            0.            0.            0.            0.            000021
  0.            0.            0.            0.            0.            000012
 -0.154877E-01 -0.636644E-02  0.            0.            0.137434E-01  000003
-------------------------------------------------------------------------------
F10-F11+1m
 -0.273122E+00  0.228762E+00  0.            0.           -0.447267E-03  100000
 -0.200162E+01 -0.198485E+01  0.            0.           -0.134292E+01  010000
  0.            0.           -0.565789E+00 -0.118819E+00  0.            001000
  0.            0.           -0.235642E+01 -0.226231E+01  0.            000100
  0.            0.            0.            0.            0.100000E+01  000010
  0.678060E+01 -0.570965E+01  0.            0.            0.524215E+02  000001
 -0.135848E-04  0.115619E-04  0.            0.           -0.181374E-03  200000
  0.292775E-03  0.121691E-03  0.            0.            0.115249E-02  110000
  0.            0.           -0.556456E-05 -0.322524E-04  0.            101000
  0.            0.           -0.376483E-03 -0.191140E-03  0.            100100
  0.            0.            0.            0.            0.            100010
 -0.186105E-01 -0.903163E-02  0.            0.            0.163468E-02  100001
 -0.468825E-03 -0.225239E-03  0.            0.           -0.587672E-02  020000
  0.            0.            0.342615E-03  0.324834E-03  0.            011000
  0.            0.           -0.626681E-03 -0.148668E-03  0.            010100
  0.            0.            0.            0.            0.            010010
  0.949463E-01 -0.104680E-01  0.            0.           -0.577673E-02  010001
 -0.371401E-04 -0.108817E-05  0.            0.           -0.193768E-03  002000
 -0.124289E-03 -0.128070E-03  0.            0.           -0.151264E-03  001100
  0.            0.            0.            0.            0.            001010
  0.            0.           -0.151961E-01 -0.151091E-01  0.            001001
  0.255868E-03  0.520364E-03  0.            0.           -0.139894E-01  000200
  0.            0.            0.            0.            0.            000110
  0.            0.            0.296122E+00  0.600222E-01  0.            000101
  0.            0.            0.            0.            0.            000020
  0.            0.            0.            0.            0.            000011
  0.276910E+00  0.130161E+00  0.            0.           -0.845733E+00  000002
  0.131055E-05  0.807088E-06  0.            0.            0.261915E-06  300000
 -0.129518E-04 -0.164161E-07  0.            0.            0.177343E-05  210000
  0.            0.            0.340399E-05  0.330153E-05  0.            201000
  0.            0.           -0.427495E-04 -0.885776E-05  0.            200100
  0.            0.            0.            0.            0.            200010
 -0.763964E-04 -0.225256E-04  0.            0.            0.838469E-05  200001
  0.837047E-04  0.239564E-04  0.            0.            0.577885E-05  120000
  0.            0.           -0.116327E-04  0.762494E-05  0.            111000
  0.            0.            0.506979E-03  0.184805E-03  0.            110100
  0.            0.            0.            0.            0.            110010
  0.718734E-03  0.172612E-03  0.            0.           -0.524931E-04  110001
  0.215338E-05  0.355805E-05  0.            0.            0.179170E-05  102000
 -0.117979E-04  0.104424E-04  0.            0.            0.730029E-05  101100
  0.            0.            0.            0.            0.            101010
  0.            0.           -0.900911E-04 -0.298951E-04  0.            101001
  0.248879E-03  0.691478E-04  0.            0.            0.681615E-05  100200
  0.            0.            0.            0.            0.            100110
  0.            0.            0.229745E-02  0.729570E-03  0.            100101
  0.            0.            0.            0.            0.            100020
  0.            0.            0.            0.            0.            100011
  0.246554E-02  0.623740E-03  0.            0.           -0.191926E-03  100002
 -0.167599E-03 -0.388898E-05  0.            0.            0.430597E-05  030000
  0.            0.            0.709379E-04  0.444087E-04  0.            021000
  0.            0.           -0.153289E-02 -0.420338E-03  0.            020100
  0.            0.            0.            0.            0.            020010
 -0.198209E-02 -0.345854E-03  0.            0.            0.122805E-03  020001
  0.116249E-05  0.948673E-05  0.            0.            0.461918E-05  012000
  0.118998E-03  0.623171E-04  0.            0.            0.241233E-04  011100
  0.            0.            0.            0.            0.            011010
  0.            0.            0.429606E-03  0.143284E-03  0.            011001
 -0.138839E-02 -0.139249E-03  0.            0.            0.269950E-04  010200
  0.            0.            0.            0.            0.            010110
  0.            0.           -0.122392E-01 -0.383775E-02  0.            010101
  0.            0.            0.            0.            0.            010020
  0.            0.            0.            0.            0.            010011
 -0.954372E-02 -0.149986E-02  0.            0.            0.521714E-03  010002
  0.            0.            0.161530E-05  0.280593E-05  0.            003000
  0.            0.           -0.301295E-06  0.156356E-04  0.            002100
  0.            0.            0.            0.            0.            002010
 -0.111848E-04 -0.389727E-05  0.            0.            0.835032E-05  002001
  0.            0.            0.265094E-03  0.121929E-03  0.            001200
  0.            0.            0.            0.            0.            001110
  0.485487E-03  0.120037E-03  0.            0.           -0.131989E-03  001101
  0.            0.            0.            0.            0.            001020
  0.            0.            0.            0.            0.            001011
  0.            0.            0.325920E-02  0.110152E-02  0.            001002
  0.            0.           -0.217677E-02 -0.641229E-03  0.            000300
  0.            0.            0.            0.            0.            000210
 -0.602326E-02 -0.128755E-02  0.            0.            0.530809E-03  000201
  0.            0.            0.            0.            0.            000120
  0.            0.            0.            0.            0.            000111
  0.            0.           -0.327022E-01 -0.901627E-02  0.            000102
  0.            0.            0.            0.            0.            000030
  0.            0.            0.            0.            0.            000021
  0.            0.            0.            0.            0.            000012
 -0.240276E-01 -0.636644E-02  0.            0.            0.153130E-01  000003
-------------------------------------------------------------------------------
