Ref. Par.:   286   90
Brho89: 7.8423 Tm
Brho9M: 7.8423 Tm
BrhoMT: 7.8423 Tm
BrhoTE: 7.8423 Tm
                                      unit: mm,mrad,dp/p(%)
F8-F9
 -0.124786E+00 -0.271759E+00  0.            0.            0.465943E+00  100000
  0.347397E+01 -0.448098E+00  0.            0.            0.175811E+01  010000
  0.            0.           -0.694287E+01 -0.797119E+00  0.            001000
  0.            0.           -0.281781E+01 -0.467549E+00  0.            000100
  0.            0.            0.            0.            0.100000E+01  000010
 -0.327737E+02 -0.479635E+01  0.            0.            0.423292E+02  000001
  0.247430E-03  0.742506E-05  0.            0.           -0.413073E-03  200000
  0.100885E-02  0.663683E-05  0.            0.           -0.230583E-02  110000
  0.            0.            0.464126E-06 -0.167579E-03  0.            101000
  0.            0.            0.380002E-04 -0.636818E-04  0.            100100
  0.            0.            0.            0.            0.            100010
  0.634358E-01  0.498282E-02  0.            0.           -0.512268E-02  100001
  0.876965E-03  0.612759E-05  0.            0.           -0.445503E-02  020000
  0.            0.            0.957637E-03 -0.356819E-03  0.            011000
  0.            0.            0.101670E-02 -0.925786E-04  0.            010100
  0.            0.            0.            0.            0.            010010
  0.179709E+00  0.248579E-01  0.            0.           -0.235976E-01  010001
  0.222379E-02  0.179585E-03  0.            0.           -0.177148E-02  002000
  0.182253E-02  0.183226E-03  0.            0.           -0.226207E-02  001100
  0.            0.            0.            0.            0.            001010
  0.            0.            0.940820E-01  0.325615E-03  0.            001001
  0.388487E-03  0.558535E-04  0.            0.           -0.152121E-02  000200
  0.            0.            0.            0.            0.            000110
  0.            0.            0.255728E+00  0.231569E-01  0.            000101
  0.            0.            0.            0.            0.            000020
  0.            0.            0.            0.            0.            000011
  0.432695E+00  0.115489E-01  0.            0.           -0.676567E+00  000002
 -0.220370E-04 -0.198351E-05  0.            0.           -0.224552E-05  300000
 -0.193090E-03 -0.175466E-04  0.            0.           -0.195426E-04  210000
  0.            0.           -0.337765E-04 -0.341791E-05  0.            201000
  0.            0.           -0.111423E-03 -0.119043E-04  0.            200100
  0.            0.            0.            0.            0.            200010
 -0.129770E-04 -0.401615E-06  0.            0.            0.181372E-04  200001
 -0.566497E-03 -0.519415E-04  0.            0.           -0.569183E-04  120000
  0.            0.           -0.188003E-03 -0.186932E-04  0.            111000
  0.            0.           -0.629083E-03 -0.671343E-04  0.            110100
  0.            0.            0.            0.            0.            110010
 -0.715114E-04  0.104807E-06  0.            0.            0.113508E-03  110001
 -0.125525E-04 -0.129525E-05  0.            0.           -0.920700E-06  102000
 -0.474616E-04 -0.405432E-05  0.            0.           -0.522204E-05  101100
  0.            0.            0.            0.            0.            101010
  0.            0.            0.146914E-04  0.425366E-05  0.            101001
 -0.710754E-04 -0.594483E-05  0.            0.           -0.815362E-05  100200
  0.            0.            0.            0.            0.            100110
  0.            0.            0.119286E-04  0.741587E-05  0.            100101
  0.            0.            0.            0.            0.            100020
  0.            0.            0.            0.            0.            100011
 -0.139798E-02 -0.652873E-04  0.            0.            0.203434E-03  100002
 -0.556593E-03 -0.520565E-04  0.            0.           -0.547941E-04  030000
  0.            0.           -0.265526E-03 -0.247106E-04  0.            021000
  0.            0.           -0.910195E-03 -0.966090E-04  0.            020100
  0.            0.            0.            0.            0.            020010
 -0.828036E-04  0.104085E-04  0.            0.            0.199151E-03  020001
 -0.407677E-04 -0.636538E-05  0.            0.           -0.247274E-05  012000
 -0.137246E-03 -0.138478E-04  0.            0.           -0.133950E-04  011100
  0.            0.            0.            0.            0.            011010
  0.            0.           -0.688506E-05 -0.575222E-05  0.            011001
 -0.201745E-03 -0.181426E-04  0.            0.           -0.211344E-04  010200
  0.            0.            0.            0.            0.            010110
  0.            0.           -0.122341E-04  0.117591E-04  0.            010101
  0.            0.            0.            0.            0.            010020
  0.            0.            0.            0.            0.            010011
 -0.586847E-02 -0.482031E-03  0.            0.            0.767199E-03  010002
  0.            0.            0.601903E-05  0.313445E-05  0.            003000
  0.            0.           -0.279934E-04 -0.590464E-06  0.            002100
  0.            0.            0.            0.            0.            002010
 -0.565177E-04  0.139939E-04  0.            0.            0.610644E-04  002001
  0.            0.           -0.832639E-04 -0.789845E-05  0.            001200
  0.            0.            0.            0.            0.            001110
 -0.186508E-03 -0.129076E-05  0.            0.            0.170185E-03  001101
  0.            0.            0.            0.            0.            001020
  0.            0.            0.            0.            0.            001011
  0.            0.           -0.983267E-03  0.134051E-03  0.            001002
  0.            0.           -0.819291E-04 -0.860293E-05  0.            000300
  0.            0.            0.            0.            0.            000210
 -0.674268E-04 -0.380066E-05  0.            0.            0.103770E-03  000201
  0.            0.            0.            0.            0.            000120
  0.            0.            0.            0.            0.            000111
  0.            0.           -0.568932E-02 -0.230773E-03  0.            000102
  0.            0.            0.            0.            0.            000030
  0.            0.            0.            0.            0.            000021
  0.            0.            0.            0.            0.            000012
 -0.655113E-02  0.133027E-04  0.            0.            0.111401E-01  000003
-------------------------------------------------------------------------------
F8-F9.5
 -0.164080E+01 -0.159124E+00  0.            0.            0.465943E+00  100000
  0.604825E-01 -0.603592E+00  0.            0.            0.175811E+01  010000
  0.            0.            0.621035E+00  0.361097E+01  0.            001000
  0.            0.           -0.187934E-01  0.150094E+01  0.            000100
  0.            0.            0.            0.            0.100000E+01  000010
 -0.519387E+02  0.264319E-01  0.            0.            0.619310E+02  000001
  0.228255E-03 -0.182802E-04  0.            0.           -0.580543E-03  200000
  0.796107E-03 -0.893804E-04  0.            0.           -0.265757E-02  110000
  0.            0.           -0.315265E-03  0.409641E-04  0.            101000
  0.            0.           -0.131353E-03 -0.303788E-05  0.            100100
  0.            0.            0.            0.            0.            100010
  0.867001E-01 -0.535935E-02  0.            0.           -0.127002E-01  100001
  0.694076E-03 -0.774711E-04  0.            0.           -0.521537E-02  020000
  0.            0.           -0.963387E-03 -0.383330E-03  0.            011000
  0.            0.           -0.484533E-03 -0.477334E-03  0.            010100
  0.            0.            0.            0.            0.            010010
  0.321456E+00 -0.521728E-03  0.            0.           -0.219903E-01  010001
  0.269387E-02 -0.934101E-04  0.            0.           -0.208354E-01  002000
  0.241298E-02 -0.539146E-04  0.            0.           -0.188723E-01  001100
  0.            0.            0.            0.            0.            001010
  0.            0.           -0.224824E+00 -0.954177E-01  0.            001001
  0.609966E-03 -0.941748E-06  0.            0.           -0.515382E-02  000200
  0.            0.            0.            0.            0.            000110
  0.            0.           -0.120557E+00 -0.154720E+00  0.            000101
  0.            0.            0.            0.            0.            000020
  0.            0.            0.            0.            0.            000011
  0.352136E+00 -0.118982E+00  0.            0.           -0.109604E+01  000002
 -0.267935E-04  0.124514E-05  0.            0.           -0.222307E-05  300000
 -0.250690E-03  0.511251E-05  0.            0.           -0.195323E-04  210000
  0.            0.            0.502701E-04  0.355576E-04  0.            201000
  0.            0.            0.324112E-04  0.658721E-04  0.            200100
  0.            0.            0.            0.            0.            200010
  0.136454E-03  0.581472E-04  0.            0.            0.333017E-04  200001
 -0.710269E-03  0.231439E-04  0.            0.           -0.571117E-04  120000
  0.            0.           -0.122967E-03  0.411044E-04  0.            111000
  0.            0.            0.877960E-06  0.300855E-03  0.            110100
  0.            0.            0.            0.            0.            110010
 -0.587721E-03 -0.156781E-03  0.            0.            0.159127E-03  110001
  0.375438E-03  0.133616E-03  0.            0.           -0.190204E-05  102000
  0.292152E-03  0.121160E-03  0.            0.           -0.583793E-05  101100
  0.            0.            0.            0.            0.            101010
  0.            0.            0.411093E-02  0.158785E-02  0.            101001
 -0.877625E-05  0.295652E-04  0.            0.           -0.822157E-05  100200
  0.            0.            0.            0.            0.            100110
  0.            0.            0.185067E-02  0.709669E-03  0.            100101
  0.            0.            0.            0.            0.            100020
  0.            0.            0.            0.            0.            100011
  0.562931E-02  0.272537E-02  0.            0.            0.808413E-03  100002
 -0.726656E-03  0.163395E-04  0.            0.           -0.550097E-04  030000
  0.            0.            0.210879E-03  0.202065E-03  0.            021000
  0.            0.            0.174901E-03  0.500735E-03  0.            020100
  0.            0.            0.            0.            0.            020010
  0.653078E-03  0.181127E-03  0.            0.            0.211612E-03  020001
 -0.102982E-02 -0.242809E-03  0.            0.           -0.120954E-05  012000
 -0.104099E-02 -0.212760E-03  0.            0.           -0.907598E-05  011100
  0.            0.            0.            0.            0.            011010
  0.            0.           -0.748295E-02 -0.284005E-02  0.            011001
 -0.446548E-03 -0.411299E-04  0.            0.           -0.194837E-04  010200
  0.            0.            0.            0.            0.            010110
  0.            0.           -0.329771E-02 -0.126726E-02  0.            010101
  0.            0.            0.            0.            0.            010020
  0.            0.            0.            0.            0.            010011
 -0.213597E-01 -0.322032E-02  0.            0.            0.202550E-02  010002
  0.            0.            0.241623E-02  0.901888E-03  0.            003000
  0.            0.            0.323863E-02  0.122970E-02  0.            002100
  0.            0.            0.            0.            0.            002010
  0.203424E-01  0.621166E-02  0.            0.            0.130415E-02  002001
  0.            0.            0.145356E-02  0.586994E-03  0.            001200
  0.            0.            0.            0.            0.            001110
  0.179951E-01  0.556163E-02  0.            0.            0.243000E-02  001101
  0.            0.            0.            0.            0.            001020
  0.            0.            0.            0.            0.            001011
  0.            0.            0.102403E+00  0.385349E-01  0.            001002
  0.            0.            0.223675E-03  0.123586E-03  0.            000300
  0.            0.            0.            0.            0.            000210
  0.398074E-02  0.124460E-02  0.            0.            0.852583E-03  000201
  0.            0.            0.            0.            0.            000120
  0.            0.            0.            0.            0.            000111
  0.            0.            0.529017E-01  0.214482E-01  0.            000102
  0.            0.            0.            0.            0.            000030
  0.            0.            0.            0.            0.            000021
  0.            0.            0.            0.            0.            000012
  0.110865E+00  0.390423E-01  0.            0.            0.206046E-01  000003
-------------------------------------------------------------------------------
F8-F10
 -0.193787E+01  0.325917E-01  0.            0.            0.465943E+00  100000
 -0.339803E+01 -0.458881E+00  0.            0.            0.175811E+01  010000
  0.            0.            0.663772E+01 -0.140593E+01  0.            001000
  0.            0.            0.282725E+01 -0.448182E+00  0.            000100
  0.            0.            0.            0.            0.100000E+01  000010
 -0.325177E+02  0.483410E+01  0.            0.            0.815329E+02  000001
  0.395035E-04 -0.348850E-04  0.            0.           -0.768974E-03  200000
 -0.808430E-05 -0.140913E-03  0.            0.           -0.308824E-02  110000
  0.            0.            0.154676E-03  0.142577E-03  0.            101000
  0.            0.            0.266356E-04  0.655311E-04  0.            100100
  0.            0.            0.            0.            0.            100010
  0.160704E-01 -0.153948E-01  0.            0.           -0.209361E-01  100001
 -0.446306E-05 -0.122513E-03  0.            0.           -0.597295E-02  020000
  0.            0.           -0.483621E-03  0.590660E-03  0.            011000
  0.            0.           -0.778331E-03  0.383787E-03  0.            010100
  0.            0.            0.            0.            0.            010010
  0.225479E+00 -0.345921E-01  0.            0.           -0.229027E-01  010001
  0.116262E-02 -0.319845E-03  0.            0.           -0.437481E-01  002000
  0.121078E-02 -0.264149E-03  0.            0.           -0.369605E-01  001100
  0.            0.            0.            0.            0.            001010
  0.            0.            0.452375E-01  0.226895E+00  0.            001001
  0.378293E-03 -0.572455E-04  0.            0.           -0.873577E-02  000200
  0.            0.            0.            0.            0.            000110
  0.            0.           -0.197298E+00  0.141487E+00  0.            000101
  0.            0.            0.            0.            0.            000020
  0.            0.            0.            0.            0.            000011
 -0.923321E+00 -0.189908E+00  0.            0.           -0.151537E+01  000002
 -0.644819E-06  0.612620E-05  0.            0.           -0.220013E-05  300000
 -0.106339E-03  0.344671E-04  0.            0.           -0.195126E-04  210000
  0.            0.           -0.130353E-03 -0.107009E-03  0.            201000
  0.            0.            0.443001E-04 -0.637648E-04  0.            200100
  0.            0.            0.            0.            0.            200010
  0.109257E-02  0.224415E-03  0.            0.            0.484032E-04  200001
 -0.295175E-03  0.905775E-04  0.            0.           -0.572674E-04  120000
  0.            0.           -0.228746E-03 -0.841357E-04  0.            111000
  0.            0.            0.435160E-03 -0.143471E-03  0.            110100
  0.            0.            0.            0.            0.            110010
 -0.186411E-03  0.278191E-03  0.            0.            0.211200E-03  110001
  0.218365E-02  0.424410E-03  0.            0.           -0.944942E-06  102000
  0.179349E-02  0.342409E-03  0.            0.           -0.479422E-05  101100
  0.            0.            0.            0.            0.            101010
  0.            0.           -0.682656E-02 -0.588838E-02  0.            101001
  0.341102E-03  0.770584E-04  0.            0.           -0.794253E-05  100200
  0.            0.            0.            0.            0.            100110
  0.            0.           -0.252970E-02 -0.244027E-02  0.            100101
  0.            0.            0.            0.            0.            100020
  0.            0.            0.            0.            0.            100011
  0.369398E-01  0.627428E-02  0.            0.            0.136732E-02  100002
 -0.358041E-03  0.822627E-04  0.            0.           -0.551912E-04  030000
  0.            0.            0.156545E-03 -0.233815E-03  0.            021000
  0.            0.            0.832063E-03 -0.265300E-03  0.            020100
  0.            0.            0.            0.            0.            020010
  0.192325E-02  0.240846E-03  0.            0.            0.239408E-03  020001
 -0.108554E-02  0.245455E-03  0.            0.            0.658129E-05  012000
 -0.113343E-02  0.194892E-03  0.            0.            0.135588E-05  011100
  0.            0.            0.            0.            0.            011010
  0.            0.           -0.112301E-01  0.153044E-02  0.            011001
 -0.372963E-03  0.606533E-04  0.            0.           -0.165681E-04  010200
  0.            0.            0.            0.            0.            010110
  0.            0.           -0.458514E-02  0.828308E-03  0.            010101
  0.            0.            0.            0.            0.            010020
  0.            0.            0.            0.            0.            010011
 -0.162779E-01  0.403279E-02  0.            0.            0.325230E-02  010002
  0.            0.           -0.231631E-02 -0.280226E-02  0.            003000
  0.            0.           -0.246161E-02 -0.352859E-02  0.            002100
  0.            0.            0.            0.            0.            002010
  0.775440E-01  0.112708E-01  0.            0.            0.425914E-02  002001
  0.            0.           -0.796649E-03 -0.150045E-02  0.            001200
  0.            0.            0.            0.            0.            001110
  0.657578E-01  0.909695E-02  0.            0.            0.626294E-02  001101
  0.            0.            0.            0.            0.            001020
  0.            0.            0.            0.            0.            001011
  0.            0.           -0.733669E-01 -0.107434E+00  0.            001002
  0.            0.           -0.221483E-04 -0.226274E-03  0.            000300
  0.            0.            0.            0.            0.            000210
  0.140042E-01  0.184395E-02  0.            0.            0.190468E-02  000201
  0.            0.            0.            0.            0.            000120
  0.            0.            0.            0.            0.            000111
  0.            0.           -0.252484E-01 -0.530746E-01  0.            000102
  0.            0.            0.            0.            0.            000030
  0.            0.            0.            0.            0.            000021
  0.            0.            0.            0.            0.            000012
  0.447103E+00  0.565446E-01  0.            0.            0.295705E-01  000003
-------------------------------------------------------------------------------
F8-F11
  0.979841E+00  0.521811E+00  0.            0.            0.927299E+00  100000
 -0.819041E-01  0.976956E+00  0.            0.            0.351467E+01  010000
  0.            0.            0.855996E+00  0.446713E+01  0.            001000
  0.            0.           -0.595921E-01  0.857240E+00  0.            000100
  0.            0.            0.            0.            0.100000E+01  000010
  0.627595E+02  0.165479E+02  0.            0.            0.123731E+03  000001
 -0.140541E-03  0.487973E-05  0.            0.           -0.112583E-02  200000
 -0.453764E-03  0.377883E-04  0.            0.           -0.517799E-02  110000
  0.            0.           -0.107385E-02 -0.196065E-02  0.            101000
  0.            0.           -0.378240E-03 -0.761988E-03  0.            100100
  0.            0.            0.            0.            0.            100010
 -0.103866E+00 -0.896715E-02  0.            0.           -0.104747E-01  100001
 -0.856841E-03 -0.231673E-03  0.            0.           -0.104175E-01  020000
  0.            0.           -0.347407E-02 -0.743562E-02  0.            011000
  0.            0.           -0.143409E-02 -0.348722E-02  0.            010100
  0.            0.            0.            0.            0.            010010
 -0.371674E+00 -0.936241E-01  0.            0.           -0.395345E-01  010001
 -0.461259E-02 -0.864970E-03  0.            0.           -0.661223E-01  002000
 -0.343722E-02 -0.771745E-03  0.            0.           -0.471267E-01  001100
  0.            0.            0.            0.            0.            001010
  0.            0.           -0.869664E+00 -0.173227E+01  0.            001001
 -0.719237E-03 -0.194399E-03  0.            0.           -0.998198E-02  000200
  0.            0.            0.            0.            0.            000110
  0.            0.           -0.354775E+00 -0.859920E+00  0.            000101
  0.            0.            0.            0.            0.            000020
  0.            0.            0.            0.            0.            000011
 -0.534894E+00  0.400339E+00  0.            0.           -0.175997E+01  000002
  0.250394E-04  0.452363E-06  0.            0.           -0.134150E-04  300000
  0.216814E-03  0.404596E-04  0.            0.           -0.553611E-04  210000
  0.            0.            0.386229E-03  0.855465E-03  0.            201000
  0.            0.            0.164060E-03  0.409737E-03  0.            200100
  0.            0.            0.            0.            0.            200010
  0.104427E-03 -0.397344E-03  0.            0.           -0.667486E-03  200001
  0.697613E-03  0.151879E-03  0.            0.           -0.146697E-03  120000
  0.            0.            0.581052E-03  0.847065E-03  0.            111000
  0.            0.            0.251239E-03  0.669364E-03  0.            110100
  0.            0.            0.            0.            0.            110010
 -0.114614E-02 -0.774588E-03  0.            0.           -0.269030E-03  110001
  0.997761E-03 -0.482432E-03  0.            0.           -0.135276E-02  102000
  0.600442E-03 -0.460432E-03  0.            0.           -0.110705E-02  101100
  0.            0.            0.            0.            0.            101010
  0.            0.            0.190001E-01  0.461249E-01  0.            101001
  0.138584E-03 -0.947128E-04  0.            0.           -0.239977E-03  100200
  0.            0.            0.            0.            0.            100110
  0.            0.            0.794880E-02  0.189682E-01  0.            100101
  0.            0.            0.            0.            0.            100020
  0.            0.            0.            0.            0.            100011
  0.100852E-01 -0.958692E-02  0.            0.           -0.203894E-01  100002
  0.882653E-03  0.233875E-03  0.            0.           -0.110707E-03  030000
  0.            0.            0.123067E-02  0.170961E-02  0.            021000
  0.            0.            0.494618E-03  0.122805E-02  0.            020100
  0.            0.            0.            0.            0.            020010
 -0.606998E-02 -0.267436E-02  0.            0.           -0.593123E-03  020001
  0.402888E-02  0.118987E-02  0.            0.           -0.947419E-04  012000
  0.231328E-02  0.670624E-03  0.            0.           -0.114762E-04  011100
  0.            0.            0.            0.            0.            011010
  0.            0.           -0.504347E-02 -0.340073E-02  0.            011001
  0.497637E-03  0.134526E-03  0.            0.           -0.216395E-04  010200
  0.            0.            0.            0.            0.            010110
  0.            0.           -0.124450E-02 -0.225605E-02  0.            010101
  0.            0.            0.            0.            0.            010020
  0.            0.            0.            0.            0.            010011
  0.560255E-01  0.140591E-01  0.            0.           -0.856416E-03  010002
  0.            0.            0.997590E-02  0.216399E-01  0.            003000
  0.            0.            0.117212E-01  0.266765E-01  0.            002100
  0.            0.            0.            0.            0.            002010
 -0.807024E-02 -0.275900E-01  0.            0.           -0.221012E-01  002001
  0.            0.            0.473193E-02  0.110982E-01  0.            001200
  0.            0.            0.            0.            0.            001110
 -0.254488E-02 -0.210662E-01  0.            0.           -0.172618E-01  001101
  0.            0.            0.            0.            0.            001020
  0.            0.            0.            0.            0.            001011
  0.            0.            0.428998E+00  0.837730E+00  0.            001002
  0.            0.            0.657095E-03  0.159191E-02  0.            000300
  0.            0.            0.            0.            0.            000210
 -0.256952E-03 -0.423280E-02  0.            0.           -0.360407E-02  000201
  0.            0.            0.            0.            0.            000120
  0.            0.            0.            0.            0.            000111
  0.            0.            0.200907E+00  0.404827E+00  0.            000102
  0.            0.            0.            0.            0.            000030
  0.            0.            0.            0.            0.            000021
  0.            0.            0.            0.            0.            000012
 -0.111753E+00 -0.165738E+00  0.            0.           -0.185505E+00  000003
-------------------------------------------------------------------------------
F8-F11+1m
  0.150165E+01  0.521811E+00  0.            0.            0.927299E+00  100000
  0.895052E+00  0.976956E+00  0.            0.            0.351467E+01  010000
  0.            0.            0.532313E+01  0.446713E+01  0.            001000
  0.            0.            0.797648E+00  0.857240E+00  0.            000100
  0.            0.            0.            0.            0.100000E+01  000010
  0.793075E+02  0.165479E+02  0.            0.            0.127170E+03  000001
 -0.135661E-03  0.487973E-05  0.            0.           -0.120218E-02  200000
 -0.415976E-03  0.377883E-04  0.            0.           -0.546390E-02  110000
  0.            0.           -0.303451E-02 -0.196065E-02  0.            101000
  0.            0.           -0.114023E-02 -0.761988E-03  0.            100100
  0.            0.            0.            0.            0.            100010
 -0.118051E+00 -0.896715E-02  0.            0.           -0.153175E-01  100001
 -0.108851E-02 -0.231673E-03  0.            0.           -0.106851E-01  020000
  0.            0.           -0.109097E-01 -0.743562E-02  0.            011000
  0.            0.           -0.492131E-02 -0.348722E-02  0.            010100
  0.            0.            0.            0.            0.            010010
 -0.475068E+00 -0.936241E-01  0.            0.           -0.486013E-01  010001
 -0.547756E-02 -0.864970E-03  0.            0.           -0.717181E-01  002000
 -0.420896E-02 -0.771745E-03  0.            0.           -0.492744E-01  001100
  0.            0.            0.            0.            0.            001010
  0.            0.           -0.264661E+01 -0.173227E+01  0.            001001
 -0.913636E-03 -0.194399E-03  0.            0.           -0.101881E-01  000200
  0.            0.            0.            0.            0.            000110
  0.            0.           -0.122327E+01 -0.859920E+00  0.            000101
  0.            0.            0.            0.            0.            000020
  0.            0.            0.            0.            0.            000011
 -0.300034E+00  0.400339E+00  0.            0.           -0.188834E+01  000002
  0.255628E-04  0.452363E-06  0.            0.           -0.134164E-04  300000
  0.257673E-03  0.404596E-04  0.            0.           -0.553748E-04  210000
  0.            0.            0.124230E-02  0.855465E-03  0.            201000
  0.            0.            0.573914E-03  0.409737E-03  0.            200100
  0.            0.            0.            0.            0.            200010
 -0.286207E-03 -0.397344E-03  0.            0.           -0.662912E-03  200001
  0.850239E-03  0.151879E-03  0.            0.           -0.146650E-03  120000
  0.            0.            0.143039E-02  0.847065E-03  0.            111000
  0.            0.            0.921040E-03  0.669364E-03  0.            110100
  0.            0.            0.            0.            0.            110010
 -0.189580E-02 -0.774588E-03  0.            0.           -0.229598E-03  110001
  0.520535E-03 -0.482432E-03  0.            0.           -0.134760E-02  102000
  0.142008E-03 -0.460432E-03  0.            0.           -0.110398E-02  101100
  0.            0.            0.            0.            0.            101010
  0.            0.            0.651833E-01  0.461249E-01  0.            101001
  0.440627E-04 -0.947128E-04  0.            0.           -0.239554E-03  100200
  0.            0.            0.            0.            0.            100110
  0.            0.            0.269320E-01  0.189682E-01  0.            100101
  0.            0.            0.            0.            0.            100020
  0.            0.            0.            0.            0.            100011
  0.870430E-03 -0.958692E-02  0.            0.           -0.202968E-01  100002
  0.111699E-02  0.233875E-03  0.            0.           -0.110580E-03  030000
  0.            0.            0.294242E-02  0.170961E-02  0.            021000
  0.            0.            0.172308E-02  0.122805E-02  0.            020100
  0.            0.            0.            0.            0.            020010
 -0.871833E-02 -0.267436E-02  0.            0.           -0.532682E-03  020001
  0.522850E-02  0.118987E-02  0.            0.           -0.756393E-04  012000
  0.298765E-02  0.670624E-03  0.            0.            0.125803E-05  011100
  0.            0.            0.            0.            0.            011010
  0.            0.           -0.829763E-02 -0.340073E-02  0.            011001
  0.632522E-03  0.134526E-03  0.            0.           -0.198565E-04  010200
  0.            0.            0.            0.            0.            010110
  0.            0.           -0.345182E-02 -0.225605E-02  0.            010101
  0.            0.            0.            0.            0.            010020
  0.            0.            0.            0.            0.            010011
  0.715498E-01  0.140591E-01  0.            0.            0.300572E-04  010002
  0.            0.            0.316604E-01  0.216399E-01  0.            003000
  0.            0.            0.384233E-01  0.266765E-01  0.            002100
  0.            0.            0.            0.            0.            002010
 -0.354865E-01 -0.275900E-01  0.            0.           -0.176071E-01  002001
  0.            0.            0.158350E-01  0.110982E-01  0.            001200
  0.            0.            0.            0.            0.            001110
 -0.235400E-01 -0.210662E-01  0.            0.           -0.142113E-01  001101
  0.            0.            0.            0.            0.            001020
  0.            0.            0.            0.            0.            001011
  0.            0.            0.128525E+01  0.837730E+00  0.            001002
  0.            0.            0.224932E-02  0.159191E-02  0.            000300
  0.            0.            0.            0.            0.            000210
 -0.448173E-02 -0.423280E-02  0.            0.           -0.318346E-02  000201
  0.            0.            0.            0.            0.            000120
  0.            0.            0.            0.            0.            000111
  0.            0.            0.614563E+00  0.404827E+00  0.            000102
  0.            0.            0.            0.            0.            000030
  0.            0.            0.            0.            0.            000021
  0.            0.            0.            0.            0.            000012
 -0.277066E+00 -0.165738E+00  0.            0.           -0.186421E+00  000003
-------------------------------------------------------------------------------
F9-F9.5
  0.751677E+00 -0.927288E-01  0.            0.            0.            100000
  0.569255E+01  0.628110E+00  0.            0.            0.            010000
  0.            0.           -0.305345E+00 -0.491876E+00  0.            001000
  0.            0.            0.188044E+01 -0.245808E+00  0.            000100
  0.            0.            0.            0.            0.100000E+01  000010
  0.            0.            0.            0.            0.196019E+02  000001
  0.            0.            0.            0.           -0.469465E-04  200000
  0.            0.            0.            0.           -0.157422E-03  110000
  0.            0.            0.            0.            0.            101000
  0.            0.            0.            0.            0.            100100
  0.            0.            0.            0.            0.            100010
  0.742038E-02  0.131184E-02  0.            0.            0.            100001
  0.            0.            0.            0.           -0.218542E-02  020000
  0.            0.            0.            0.            0.            011000
  0.            0.            0.            0.            0.            010100
  0.            0.            0.            0.            0.            010010
 -0.426032E-01  0.898985E-02  0.            0.            0.            010001
  0.            0.            0.            0.           -0.285051E-03  002000
  0.            0.            0.            0.           -0.788006E-03  001100
  0.            0.            0.            0.            0.            001010
  0.            0.            0.234054E-01  0.441246E-02  0.            001001
  0.            0.            0.            0.           -0.151471E-02  000200
  0.            0.            0.            0.            0.            000110
  0.            0.            0.429150E-01  0.231156E-01  0.            000101
  0.            0.            0.            0.            0.            000020
  0.            0.            0.            0.            0.            000011
  0.            0.            0.            0.           -0.294028E+00  000002
 -0.101612E-05 -0.295778E-06  0.            0.            0.            300000
 -0.908413E-05 -0.305202E-05  0.            0.            0.            210000
  0.            0.           -0.444825E-05 -0.168270E-05  0.            201000
  0.            0.           -0.114566E-04 -0.451158E-05  0.            200100
  0.            0.            0.            0.            0.            200010
  0.            0.            0.            0.            0.104100E-05  200001
 -0.311957E-04 -0.116742E-04  0.            0.            0.            120000
  0.            0.           -0.289350E-04 -0.111480E-04  0.            111000
  0.            0.           -0.759526E-04 -0.304037E-04  0.            110100
  0.            0.            0.            0.            0.            110010
  0.            0.            0.            0.            0.309092E-05  110001
 -0.546062E-05 -0.155363E-05  0.            0.            0.            102000
 -0.273698E-04 -0.795195E-05  0.            0.            0.            101100
  0.            0.            0.            0.            0.            101010
  0.            0.            0.            0.            0.            101001
 -0.358208E-04 -0.106140E-04  0.            0.            0.            100200
  0.            0.            0.            0.            0.            100110
  0.            0.            0.            0.            0.            100101
  0.            0.            0.            0.            0.            100020
  0.            0.            0.            0.            0.            100011
 -0.131026E-03 -0.852992E-05  0.            0.            0.            100002
 -0.365990E-04 -0.162660E-04  0.            0.            0.            030000
  0.            0.           -0.552014E-04 -0.212850E-04  0.            021000
  0.            0.           -0.145920E-03 -0.595415E-04  0.            020100
  0.            0.            0.            0.            0.            020010
  0.            0.            0.            0.            0.599515E-04  020001
 -0.152964E-04 -0.531586E-05  0.            0.            0.            012000
 -0.792511E-04 -0.275740E-04  0.            0.            0.            011100
  0.            0.            0.            0.            0.            011010
  0.            0.            0.            0.            0.            011001
 -0.104745E-03 -0.375270E-04  0.            0.            0.            010200
  0.            0.            0.            0.            0.            010110
  0.            0.            0.            0.            0.            010101
  0.            0.            0.            0.            0.            010020
  0.            0.            0.            0.            0.            010011
  0.297710E-03 -0.154935E-03  0.            0.            0.            010002
  0.            0.           -0.337182E-05 -0.123538E-05  0.            003000
  0.            0.           -0.251973E-04 -0.962285E-05  0.            002100
  0.            0.            0.            0.            0.            002010
  0.            0.            0.            0.            0.105080E-04  002001
  0.            0.           -0.649916E-04 -0.251484E-04  0.            001200
  0.            0.            0.            0.            0.            001110
  0.            0.            0.            0.            0.449196E-04  001101
  0.            0.            0.            0.            0.            001020
  0.            0.            0.            0.            0.            001011
  0.            0.           -0.420919E-03 -0.644380E-04  0.            001002
  0.            0.           -0.569510E-04 -0.226770E-04  0.            000300
  0.            0.            0.            0.            0.            000210
  0.            0.            0.            0.            0.640528E-04  000201
  0.            0.            0.            0.            0.            000120
  0.            0.            0.            0.            0.            000111
  0.            0.           -0.143244E-02 -0.420110E-03  0.            000102
  0.            0.            0.            0.            0.            000030
  0.            0.            0.            0.            0.            000021
  0.            0.            0.            0.            0.            000012
  0.            0.            0.            0.            0.452135E-02  000003
-------------------------------------------------------------------------------
F9-F10
 -0.550910E-01 -0.139310E+00  0.            0.            0.            100000
  0.715612E+01 -0.559607E-01  0.            0.            0.            010000
  0.            0.           -0.849807E+00  0.300086E+00  0.            001000
  0.            0.           -0.925357E+00 -0.849973E+00  0.            000100
  0.            0.            0.            0.            0.100000E+01  000010
  0.            0.            0.            0.            0.392037E+02  000001
  0.            0.            0.            0.           -0.882879E-04  200000
  0.            0.            0.            0.           -0.310189E-03  110000
  0.            0.            0.            0.            0.            101000
  0.            0.            0.            0.            0.            100100
  0.            0.            0.            0.            0.            100010
  0.228354E-01  0.594311E-03  0.            0.            0.            100001
  0.            0.            0.            0.           -0.465798E-02  020000
  0.            0.            0.            0.            0.            011000
  0.            0.            0.            0.            0.            010100
  0.            0.            0.            0.            0.            010010
  0.487306E-01  0.228311E-01  0.            0.            0.            010001
  0.            0.            0.            0.           -0.828455E-03  002000
  0.            0.            0.            0.           -0.112594E-03  001100
  0.            0.            0.            0.            0.            001010
  0.            0.           -0.256324E-01 -0.257138E-01  0.            001001
  0.            0.            0.            0.           -0.223343E-02  000200
  0.            0.            0.            0.            0.            000110
  0.            0.            0.658266E-01 -0.256073E-01  0.            000101
  0.            0.            0.            0.            0.            000020
  0.            0.            0.            0.            0.            000011
  0.            0.            0.            0.           -0.588056E+00  000002
 -0.246560E-05 -0.158920E-06  0.            0.            0.            300000
 -0.285633E-04 -0.278567E-05  0.            0.            0.            210000
  0.            0.           -0.660229E-06  0.322644E-05  0.            201000
  0.            0.           -0.686115E-05  0.659647E-05  0.            200100
  0.            0.            0.            0.            0.            200010
  0.            0.            0.            0.            0.215979E-05  200001
 -0.165135E-03 -0.267169E-04  0.            0.            0.            120000
  0.            0.            0.283625E-04  0.335405E-04  0.            111000
  0.            0.           -0.734327E-04  0.340850E-04  0.            110100
  0.            0.            0.            0.            0.            110010
  0.            0.            0.            0.            0.441633E-05  110001
 -0.192228E-04 -0.243586E-05  0.            0.            0.            102000
 -0.511443E-04 -0.568388E-06  0.            0.            0.            101100
  0.            0.            0.            0.            0.            101010
  0.            0.            0.            0.            0.            101001
 -0.880028E-04 -0.587659E-05  0.            0.            0.            100200
  0.            0.            0.            0.            0.            100110
  0.            0.            0.            0.            0.            100101
  0.            0.            0.            0.            0.            100020
  0.            0.            0.            0.            0.            100011
 -0.264191E-03  0.309678E-04  0.            0.            0.            100002
 -0.532522E-03 -0.133876E-03  0.            0.            0.            030000
  0.            0.            0.351346E-03  0.179044E-03  0.            021000
  0.            0.           -0.381690E-03 -0.216699E-04  0.            020100
  0.            0.            0.            0.            0.            020010
  0.            0.            0.            0.            0.112687E-03  020001
 -0.146630E-03 -0.348486E-04  0.            0.            0.            012000
 -0.349393E-04  0.374316E-04  0.            0.            0.            011100
  0.            0.            0.            0.            0.            011010
  0.            0.            0.            0.            0.            011001
 -0.352951E-03 -0.397733E-04  0.            0.            0.            010200
  0.            0.            0.            0.            0.            010110
  0.            0.            0.            0.            0.            010101
  0.            0.            0.            0.            0.            010020
  0.            0.            0.            0.            0.            010011
 -0.215427E-02 -0.263930E-03  0.            0.            0.            010002
  0.            0.            0.120916E-04  0.730421E-05  0.            003000
  0.            0.           -0.442147E-04  0.319194E-05  0.            002100
  0.            0.            0.            0.            0.            002010
  0.            0.            0.            0.            0.574643E-04  002001
  0.            0.           -0.478814E-05  0.493898E-04  0.            001200
  0.            0.            0.            0.            0.            001110
  0.            0.            0.            0.            0.528620E-04  001101
  0.            0.            0.            0.            0.            001020
  0.            0.            0.            0.            0.            001011
  0.            0.            0.154575E-02  0.659871E-03  0.            001002
  0.            0.           -0.362961E-04  0.323402E-04  0.            000300
  0.            0.            0.            0.            0.            000210
  0.            0.            0.            0.            0.273298E-04  000201
  0.            0.            0.            0.            0.            000120
  0.            0.            0.            0.            0.            000111
  0.            0.            0.110883E-02  0.154511E-02  0.            000102
  0.            0.            0.            0.            0.            000030
  0.            0.            0.            0.            0.            000021
  0.            0.            0.            0.            0.            000012
  0.            0.            0.            0.            0.904269E-02  000003
-------------------------------------------------------------------------------
F9-F11
 -0.461323E+00  0.316747E-01  0.            0.            0.270629E+00  100000
 -0.339371E+01 -0.193467E+01  0.            0.           -0.182193E+01  010000
  0.            0.           -0.447723E+00 -0.140528E+01  0.            001000
  0.            0.            0.282578E+01  0.663584E+01  0.            000100
  0.            0.            0.            0.            0.100000E+01  000010
  0.313629E+02  0.830670E+01  0.            0.            0.815329E+02  000001
 -0.362668E-04 -0.182692E-04  0.            0.           -0.229361E-03  200000
 -0.480494E-05  0.357231E-04  0.            0.            0.817030E-03  110000
  0.            0.            0.424684E-04  0.845962E-04  0.            101000
  0.            0.           -0.127665E-04  0.554436E-04  0.            100100
  0.            0.            0.            0.            0.            100010
 -0.320992E-01 -0.143481E-01  0.            0.           -0.103323E-01  100001
 -0.635911E-05  0.141910E-03  0.            0.           -0.107013E-01  020000
  0.            0.           -0.520236E-03 -0.658835E-03  0.            011000
  0.            0.            0.159700E-02  0.146016E-02  0.            010100
  0.            0.            0.            0.            0.            010010
  0.225707E+00  0.135667E-01  0.            0.           -0.267760E-01  010001
 -0.137592E-03 -0.141856E-04  0.            0.           -0.272527E-02  002000
  0.878856E-03  0.323560E-04  0.            0.            0.166859E-01  001100
  0.            0.            0.            0.            0.            001010
  0.            0.            0.142551E+00  0.227244E+00  0.            001001
 -0.190229E-02 -0.131014E-03  0.            0.           -0.402946E-01  000200
  0.            0.            0.            0.            0.            000110
  0.            0.           -0.204661E+00  0.361816E-01  0.            000101
  0.            0.            0.            0.            0.            000020
  0.            0.            0.            0.            0.            000011
 -0.225672E+00  0.145500E-01  0.            0.           -0.128240E+01  000002
  0.339938E-05  0.166253E-05  0.            0.            0.967959E-06  300000
 -0.322903E-04 -0.386596E-05  0.            0.            0.126743E-04  210000
  0.            0.           -0.158575E-04 -0.240591E-04  0.            201000
  0.            0.            0.167254E-04 -0.306775E-04  0.            200100
  0.            0.            0.            0.            0.            200010
 -0.105112E-03 -0.362816E-04  0.            0.            0.132180E-04  200001
  0.130460E-03  0.979970E-04  0.            0.            0.930769E-04  120000
  0.            0.           -0.538872E-04 -0.238969E-03  0.            111000
  0.            0.           -0.304908E-03 -0.247711E-03  0.            110100
  0.            0.            0.            0.            0.            110010
  0.869135E-03  0.301244E-03  0.            0.           -0.442448E-04  110001
  0.462696E-04  0.217698E-04  0.            0.            0.981757E-05  102000
 -0.399191E-03 -0.133978E-03  0.            0.            0.142941E-04  101100
  0.            0.            0.            0.            0.            101010
  0.            0.            0.194652E-03  0.612954E-04  0.            101001
  0.975836E-03  0.361364E-03  0.            0.            0.331734E-04  100200
  0.            0.            0.            0.            0.            100110
  0.            0.           -0.909573E-03 -0.290536E-03  0.            100101
  0.            0.            0.            0.            0.            100020
  0.            0.            0.            0.            0.            100011
  0.300560E-02  0.858283E-03  0.            0.            0.223304E-03  100002
 -0.458959E-03  0.894447E-04  0.            0.            0.394004E-03  030000
  0.            0.           -0.787054E-03 -0.155920E-02  0.            021000
  0.            0.            0.768735E-03  0.589106E-03  0.            020100
  0.            0.            0.            0.            0.            020010
 -0.168258E-02 -0.617768E-03  0.            0.            0.641677E-04  020001
 -0.241221E-03 -0.172958E-04  0.            0.            0.102070E-03  012000
  0.183140E-02  0.562670E-03  0.            0.           -0.503280E-04  011100
  0.            0.            0.            0.            0.            011010
  0.            0.           -0.545669E-03 -0.158877E-03  0.            011001
 -0.383107E-02 -0.117122E-02  0.            0.            0.157352E-03  010200
  0.            0.            0.            0.            0.            010110
  0.            0.            0.276371E-02  0.900905E-03  0.            010101
  0.            0.            0.            0.            0.            010020
  0.            0.            0.            0.            0.            010011
 -0.338390E-02  0.175706E-04  0.            0.            0.935153E-03  010002
  0.            0.           -0.532046E-04 -0.692109E-04  0.            003000
  0.            0.            0.378208E-03  0.131903E-03  0.            002100
  0.            0.            0.            0.            0.            002010
 -0.581081E-03 -0.232736E-03  0.            0.            0.671052E-03  002001
  0.            0.           -0.179720E-02 -0.867945E-03  0.            001200
  0.            0.            0.            0.            0.            001110
  0.543537E-02  0.211724E-02  0.            0.           -0.279833E-02  001101
  0.            0.            0.            0.            0.            001020
  0.            0.            0.            0.            0.            001011
  0.            0.           -0.132838E-01 -0.947086E-02  0.            001002
  0.            0.            0.243277E-02  0.582761E-03  0.            000300
  0.            0.            0.            0.            0.            000210
 -0.126322E-01 -0.482292E-02  0.            0.            0.395220E-03  000201
  0.            0.            0.            0.            0.            000120
  0.            0.            0.            0.            0.            000111
  0.            0.            0.362428E-02 -0.103374E-01  0.            000102
  0.            0.            0.            0.            0.            000030
  0.            0.            0.            0.            0.            000021
  0.            0.            0.            0.            0.            000012
 -0.619451E-02 -0.346202E-02  0.            0.            0.203515E-01  000003
-------------------------------------------------------------------------------
F9-F11+1m
 -0.429648E+00  0.316747E-01  0.            0.            0.270629E+00  100000
 -0.532838E+01 -0.193467E+01  0.            0.           -0.182193E+01  010000
  0.            0.           -0.185301E+01 -0.140528E+01  0.            001000
  0.            0.            0.946162E+01  0.663584E+01  0.            000100
  0.            0.            0.            0.            0.100000E+01  000010
  0.396695E+02  0.830670E+01  0.            0.            0.849718E+02  000001
 -0.545360E-04 -0.182692E-04  0.            0.           -0.229642E-03  200000
  0.309181E-04  0.357231E-04  0.            0.            0.851398E-03  110000
  0.            0.            0.127065E-03  0.845962E-04  0.            101000
  0.            0.            0.426770E-04  0.554436E-04  0.            100100
  0.            0.            0.            0.            0.            100010
 -0.467641E-01 -0.143481E-01  0.            0.           -0.104799E-01  100001
  0.135551E-03  0.141910E-03  0.            0.           -0.117508E-01  020000
  0.            0.           -0.117907E-02 -0.658835E-03  0.            011000
  0.            0.            0.305716E-02  0.146016E-02  0.            010100
  0.            0.            0.            0.            0.            010010
  0.258620E+00  0.135667E-01  0.            0.           -0.177630E-01  010001
 -0.151777E-03 -0.141856E-04  0.            0.           -0.327904E-02  002000
  0.911212E-03  0.323560E-04  0.            0.            0.219158E-01  001100
  0.            0.            0.            0.            0.            001010
  0.            0.            0.383848E+00  0.227244E+00  0.            001001
 -0.203330E-02 -0.131014E-03  0.            0.           -0.526426E-01  000200
  0.            0.            0.            0.            0.            000110
  0.            0.           -0.234837E+00  0.361816E-01  0.            000101
  0.            0.            0.            0.            0.            000020
  0.            0.            0.            0.            0.            000011
 -0.294189E+00  0.145500E-01  0.            0.           -0.135334E+01  000002
  0.506193E-05  0.166253E-05  0.            0.            0.968284E-06  300000
 -0.361592E-04 -0.386596E-05  0.            0.            0.126538E-04  210000
  0.            0.           -0.399173E-04 -0.240591E-04  0.            201000
  0.            0.           -0.139488E-04 -0.306775E-04  0.            200100
  0.            0.            0.            0.            0.            200010
 -0.141198E-03 -0.362816E-04  0.            0.            0.135653E-04  200001
  0.228635E-03  0.979970E-04  0.            0.            0.931132E-04  120000
  0.            0.           -0.292770E-03 -0.238969E-03  0.            111000
  0.            0.           -0.553026E-03 -0.247711E-03  0.            110100
  0.            0.            0.            0.            0.            110010
  0.116850E-02  0.301244E-03  0.            0.           -0.611184E-04  110001
  0.680707E-04  0.217698E-04  0.            0.            0.988450E-05  102000
 -0.533465E-03 -0.133978E-03  0.            0.            0.140223E-04  101100
  0.            0.            0.            0.            0.            101010
  0.            0.            0.254732E-03  0.612954E-04  0.            101001
  0.133790E-02  0.361364E-03  0.            0.            0.329693E-04  100200
  0.            0.            0.            0.            0.            100110
  0.            0.           -0.119892E-02 -0.290536E-03  0.            100101
  0.            0.            0.            0.            0.            100020
  0.            0.            0.            0.            0.            100011
  0.401479E-02  0.858283E-03  0.            0.            0.293745E-03  100002
 -0.373135E-03  0.894447E-04  0.            0.            0.394158E-03  030000
  0.            0.           -0.234888E-02 -0.155920E-02  0.            021000
  0.            0.            0.137026E-02  0.589106E-03  0.            020100
  0.            0.            0.            0.            0.            020010
 -0.225513E-02 -0.617768E-03  0.            0.            0.105654E-03  020001
 -0.260427E-03 -0.172958E-04  0.            0.            0.101535E-03  012000
  0.241212E-02  0.562670E-03  0.            0.           -0.466901E-04  011100
  0.            0.            0.            0.            0.            011010
  0.            0.           -0.675374E-03 -0.158877E-03  0.            011001
 -0.504489E-02 -0.117122E-02  0.            0.            0.151775E-03  010200
  0.            0.            0.            0.            0.            010110
  0.            0.            0.354338E-02  0.900905E-03  0.            010101
  0.            0.            0.            0.            0.            010020
  0.            0.            0.            0.            0.            010011
 -0.395502E-02  0.175706E-04  0.            0.            0.652212E-03  010002
  0.            0.           -0.123803E-03 -0.692109E-04  0.            003000
  0.            0.            0.529768E-03  0.131903E-03  0.            002100
  0.            0.            0.            0.            0.            002010
 -0.805473E-03 -0.232736E-03  0.            0.            0.864687E-03  002001
  0.            0.           -0.275797E-02 -0.867945E-03  0.            001200
  0.            0.            0.            0.            0.            001110
  0.747482E-02  0.211724E-02  0.            0.           -0.375234E-02  001101
  0.            0.            0.            0.            0.            001020
  0.            0.            0.            0.            0.            001011
  0.            0.           -0.252592E-01 -0.947086E-02  0.            001002
  0.            0.            0.316163E-02  0.582761E-03  0.            000300
  0.            0.            0.            0.            0.            000210
 -0.172709E-01 -0.482292E-02  0.            0.            0.583852E-03  000201
  0.            0.            0.            0.            0.            000120
  0.            0.            0.            0.            0.            000111
  0.            0.           -0.597891E-02 -0.103374E-01  0.            000102
  0.            0.            0.            0.            0.            000030
  0.            0.            0.            0.            0.            000021
  0.            0.            0.            0.            0.            000012
 -0.843011E-02 -0.346202E-02  0.            0.            0.215826E-01  000003
-------------------------------------------------------------------------------
F9.5-F10
  0.628976E+00 -0.926909E-01  0.            0.            0.            100000
  0.569271E+01  0.750963E+00  0.            0.            0.            010000
  0.            0.           -0.246271E+00 -0.491845E+00  0.            001000
  0.            0.            0.188056E+01 -0.304759E+00  0.            000100
  0.            0.            0.            0.            0.100000E+01  000010
  0.            0.            0.            0.            0.196019E+02  000001
  0.            0.            0.            0.           -0.464685E-04  200000
  0.            0.            0.            0.           -0.405358E-04  110000
  0.            0.            0.            0.            0.            101000
  0.            0.            0.            0.            0.            100100
  0.            0.            0.            0.            0.            100010
  0.897889E-02  0.131143E-02  0.            0.            0.            100001
  0.            0.            0.            0.           -0.208303E-02  020000
  0.            0.            0.            0.            0.            011000
  0.            0.            0.            0.            0.            010100
  0.            0.            0.            0.            0.            010010
 -0.426079E-01  0.742818E-02  0.            0.            0.            010001
  0.            0.            0.            0.           -0.288385E-03  002000
  0.            0.            0.            0.           -0.860486E-03  001100
  0.            0.            0.            0.            0.            001010
  0.            0.            0.231185E-01  0.441219E-02  0.            001001
  0.            0.            0.            0.           -0.160071E-02  000200
  0.            0.            0.            0.            0.            000110
  0.            0.            0.429114E-01  0.234002E-01  0.            000101
  0.            0.            0.            0.            0.            000020
  0.            0.            0.            0.            0.            000011
  0.            0.            0.            0.           -0.294028E+00  000002
 -0.995061E-06 -0.268817E-06  0.            0.            0.            300000
 -0.816790E-05 -0.253116E-05  0.            0.            0.            210000
  0.            0.           -0.406617E-05 -0.149748E-05  0.            201000
  0.            0.           -0.102069E-04 -0.391812E-05  0.            200100
  0.            0.            0.            0.            0.            200010
  0.            0.            0.            0.            0.110524E-05  200001
 -0.265851E-04 -0.923909E-05  0.            0.            0.            120000
  0.            0.           -0.256764E-04 -0.969424E-05  0.            111000
  0.            0.           -0.658665E-04 -0.257455E-04  0.            110100
  0.            0.            0.            0.            0.            110010
  0.            0.            0.            0.           -0.719171E-06  110001
 -0.606481E-05 -0.169957E-05  0.            0.            0.            102000
 -0.297828E-04 -0.850589E-05  0.            0.            0.            101100
  0.            0.            0.            0.            0.            101010
  0.            0.            0.            0.            0.            101001
 -0.381143E-04 -0.110435E-04  0.            0.            0.            100200
  0.            0.            0.            0.            0.            100110
  0.            0.            0.            0.            0.            100101
  0.            0.            0.            0.            0.            100020
  0.            0.            0.            0.            0.            100011
 -0.154767E-03 -0.852421E-05  0.            0.            0.            100002
 -0.298326E-04 -0.128968E-04  0.            0.            0.            030000
  0.            0.           -0.497645E-04 -0.188592E-04  0.            021000
  0.            0.           -0.128750E-03 -0.515415E-04  0.            020100
  0.            0.            0.            0.            0.            020010
  0.            0.            0.            0.            0.544102E-04  020001
 -0.166768E-04 -0.568370E-05  0.            0.            0.            012000
 -0.846349E-04 -0.289532E-04  0.            0.            0.            011100
  0.            0.            0.            0.            0.            011010
  0.            0.            0.            0.            0.            011001
 -0.109301E-03 -0.383378E-04  0.            0.            0.            010200
  0.            0.            0.            0.            0.            010110
  0.            0.            0.            0.            0.            010101
  0.            0.            0.            0.            0.            010020
  0.            0.            0.            0.            0.            010011
  0.297821E-03 -0.131135E-03  0.            0.            0.            010002
  0.            0.           -0.365186E-05 -0.132657E-05  0.            003000
  0.            0.           -0.271305E-04 -0.102372E-04  0.            002100
  0.            0.            0.            0.            0.            002010
  0.            0.            0.            0.            0.106991E-04  002001
  0.            0.           -0.692138E-04 -0.264855E-04  0.            001200
  0.            0.            0.            0.            0.            001110
  0.            0.            0.            0.            0.476748E-04  001101
  0.            0.            0.            0.            0.            001020
  0.            0.            0.            0.            0.            001011
  0.            0.           -0.420132E-03 -0.644348E-04  0.            001002
  0.            0.           -0.598548E-04 -0.235739E-04  0.            000300
  0.            0.            0.            0.            0.            000210
  0.            0.            0.            0.            0.688690E-04  000201
  0.            0.            0.            0.            0.            000120
  0.            0.            0.            0.            0.            000111
  0.            0.           -0.143236E-02 -0.420857E-03  0.            000102
  0.            0.            0.            0.            0.            000030
  0.            0.            0.            0.            0.            000021
  0.            0.            0.            0.            0.            000012
  0.            0.            0.            0.            0.452135E-02  000003
-------------------------------------------------------------------------------
F9.5-F11
 -0.604457E+00 -0.159504E+00  0.            0.            0.103951E-02  100000
  0.751254E-01 -0.163455E+01  0.            0.           -0.291007E+01  010000
  0.            0.            0.149999E+01  0.360944E+01  0.            001000
  0.            0.           -0.209216E-01  0.616329E+00  0.            000100
  0.            0.            0.            0.            0.100000E+01  000010
  0.313629E+02  0.830670E+01  0.            0.            0.619310E+02  000001
 -0.146426E-04 -0.390671E-05  0.            0.           -0.884353E-04  200000
  0.258729E-03  0.148437E-03  0.            0.            0.630166E-04  110000
  0.            0.            0.741976E-04  0.856849E-04  0.            101000
  0.            0.           -0.221562E-05 -0.370136E-04  0.            100100
  0.            0.            0.            0.            0.            100010
  0.107251E-02 -0.493145E-02  0.            0.           -0.414974E-02  100001
 -0.115827E-02 -0.664691E-03  0.            0.           -0.148924E-01  020000
  0.            0.            0.781756E-03  0.624730E-03  0.            011000
  0.            0.            0.801215E-03  0.159805E-02  0.            010100
  0.            0.            0.            0.            0.            010010
  0.307549E+00  0.788688E-01  0.            0.            0.367006E-01  010001
 -0.574817E-03 -0.364671E-04  0.            0.           -0.116427E-01  002000
 -0.302709E-03 -0.125831E-05  0.            0.           -0.545790E-02  001100
  0.            0.            0.            0.            0.            001010
  0.            0.           -0.158526E+00 -0.998259E-01  0.            001001
 -0.159268E-03 -0.437978E-04  0.            0.           -0.221117E-02  000200
  0.            0.            0.            0.            0.            000110
  0.            0.           -0.120214E+00 -0.222744E+00  0.            000101
  0.            0.            0.            0.            0.            000020
  0.            0.            0.            0.            0.            000011
 -0.225672E+00  0.145500E-01  0.            0.           -0.988375E+00  000002
 -0.453222E-06  0.319872E-06  0.            0.            0.761759E-06  300000
 -0.101112E-04  0.885516E-06  0.            0.            0.688294E-05  210000
  0.            0.            0.778146E-05  0.141296E-04  0.            201000
  0.            0.            0.161531E-04  0.354769E-04  0.            200100
  0.            0.            0.            0.            0.            200010
 -0.572295E-05 -0.232073E-05  0.            0.            0.210450E-05  200001
  0.135673E-03  0.630509E-04  0.            0.            0.261531E-04  120000
  0.            0.           -0.382646E-04  0.626178E-04  0.            111000
  0.            0.            0.882104E-04  0.227096E-03  0.            110100
  0.            0.            0.            0.            0.            110010
  0.470335E-03  0.158169E-03  0.            0.           -0.476171E-04  110001
  0.695594E-04  0.297526E-04  0.            0.            0.425482E-05  102000
  0.126884E-04  0.201868E-04  0.            0.            0.237124E-04  101100
  0.            0.            0.            0.            0.            101010
  0.            0.           -0.175039E-03 -0.565444E-04  0.            101001
 -0.186703E-04  0.127717E-04  0.            0.            0.306024E-04  100200
  0.            0.            0.            0.            0.            100110
  0.            0.           -0.356871E-04 -0.127773E-04  0.            100101
  0.            0.            0.            0.            0.            100020
  0.            0.            0.            0.            0.            100011
  0.103193E-02  0.372530E-03  0.            0.            0.111744E-03  100002
 -0.199816E-02 -0.652181E-03  0.            0.            0.296816E-04  030000
  0.            0.            0.137647E-02  0.547960E-03  0.            021000
  0.            0.            0.469212E-03  0.555352E-03  0.            020100
  0.            0.            0.            0.            0.            020010
 -0.805828E-02 -0.280369E-02  0.            0.            0.583052E-03  020001
 -0.249718E-02 -0.850788E-03  0.            0.            0.134761E-04  012000
 -0.103800E-02 -0.310599E-03  0.            0.            0.660621E-04  011100
  0.            0.            0.            0.            0.            011010
  0.            0.            0.392768E-02  0.124251E-02  0.            011001
 -0.183981E-03  0.394640E-06  0.            0.            0.981505E-04  010200
  0.            0.            0.            0.            0.            010110
  0.            0.            0.696964E-03  0.227531E-03  0.            010101
  0.            0.            0.            0.            0.            010020
  0.            0.            0.            0.            0.            010011
 -0.187639E-01 -0.513916E-02  0.            0.           -0.104896E-02  010002
  0.            0.            0.413812E-03  0.139858E-03  0.            003000
  0.            0.            0.287823E-03  0.176662E-03  0.            002100
  0.            0.            0.            0.            0.            002010
 -0.372778E-02 -0.143579E-02  0.            0.            0.877500E-03  002001
  0.            0.            0.156416E-03  0.255633E-03  0.            001200
  0.            0.            0.            0.            0.            001110
 -0.142451E-02 -0.569107E-03  0.            0.            0.164312E-02  001101
  0.            0.            0.            0.            0.            001020
  0.            0.            0.            0.            0.            001011
  0.            0.            0.961636E-02  0.335452E-02  0.            001002
  0.            0.            0.977851E-04  0.212684E-03  0.            000300
  0.            0.            0.            0.            0.            000210
 -0.133790E-03 -0.583691E-04  0.            0.            0.354409E-03  000201
  0.            0.            0.            0.            0.            000120
  0.            0.            0.            0.            0.            000111
  0.            0.            0.111343E-01  0.725439E-02  0.            000102
  0.            0.            0.            0.            0.            000030
  0.            0.            0.            0.            0.            000021
  0.            0.            0.            0.            0.            000012
 -0.619451E-02 -0.346202E-02  0.            0.            0.158302E-01  000003
-------------------------------------------------------------------------------
F9.5-F11+1m
 -0.763961E+00 -0.159504E+00  0.            0.            0.103951E-02  100000
 -0.155943E+01 -0.163455E+01  0.            0.           -0.291007E+01  010000
  0.            0.            0.510943E+01  0.360944E+01  0.            001000
  0.            0.            0.595407E+00  0.616329E+00  0.            000100
  0.            0.            0.            0.            0.100000E+01  000010
  0.396695E+02  0.830670E+01  0.            0.            0.653700E+02  000001
 -0.185493E-04 -0.390671E-05  0.            0.           -0.955695E-04  200000
  0.407166E-03  0.148437E-03  0.            0.           -0.832030E-04  110000
  0.            0.            0.159882E-03  0.856849E-04  0.            101000
  0.            0.           -0.392292E-04 -0.370136E-04  0.            100100
  0.            0.            0.            0.            0.            100010
 -0.226390E-02 -0.493145E-02  0.            0.           -0.340666E-02  100001
 -0.182296E-02 -0.664691E-03  0.            0.           -0.156416E-01  020000
  0.            0.            0.140649E-02  0.624730E-03  0.            011000
  0.            0.            0.239926E-02  0.159805E-02  0.            010100
  0.            0.            0.            0.            0.            010010
  0.402763E+00  0.788688E-01  0.            0.            0.443155E-01  010001
 -0.611284E-03 -0.364671E-04  0.            0.           -0.152960E-01  002000
 -0.303968E-03 -0.125831E-05  0.            0.           -0.670553E-02  001100
  0.            0.            0.            0.            0.            001010
  0.            0.           -0.294446E+00 -0.998259E-01  0.            001001
 -0.203066E-03 -0.437978E-04  0.            0.           -0.231769E-02  000200
  0.            0.            0.            0.            0.            000110
  0.            0.           -0.349121E+00 -0.222744E+00  0.            000101
  0.            0.            0.            0.            0.            000020
  0.            0.            0.            0.            0.            000011
 -0.294189E+00  0.145500E-01  0.            0.           -0.105931E+01  000002
 -0.135379E-06  0.319872E-06  0.            0.            0.761410E-06  300000
 -0.928804E-05  0.885516E-06  0.            0.            0.689263E-05  210000
  0.            0.            0.219570E-04  0.141296E-04  0.            201000
  0.            0.            0.516378E-04  0.354769E-04  0.            200100
  0.            0.            0.            0.            0.            200010
 -0.768762E-05 -0.232073E-05  0.            0.            0.186798E-05  200001
  0.198085E-03  0.630509E-04  0.            0.            0.262297E-04  120000
  0.            0.            0.252942E-04  0.626178E-04  0.            111000
  0.            0.            0.315467E-03  0.227096E-03  0.            110100
  0.            0.            0.            0.            0.            110010
  0.633517E-03  0.158169E-03  0.            0.           -0.419531E-04  110001
  0.982729E-04  0.297526E-04  0.            0.            0.407810E-05  102000
  0.325204E-04  0.201868E-04  0.            0.            0.237576E-04  101100
  0.            0.            0.            0.            0.            101010
  0.            0.           -0.237223E-03 -0.565444E-04  0.            101001
 -0.592893E-05  0.127717E-04  0.            0.            0.306113E-04  100200
  0.            0.            0.            0.            0.            100110
  0.            0.           -0.489108E-04 -0.127773E-04  0.            100101
  0.            0.            0.            0.            0.            100020
  0.            0.            0.            0.            0.            100011
  0.141643E-02  0.372530E-03  0.            0.            0.116602E-03  100002
 -0.265253E-02 -0.652181E-03  0.            0.            0.290722E-04  030000
  0.            0.            0.192926E-02  0.547960E-03  0.            021000
  0.            0.            0.102539E-02  0.555352E-03  0.            020100
  0.            0.            0.            0.            0.            020010
 -0.108220E-01 -0.280369E-02  0.            0.            0.678027E-03  020001
 -0.335861E-02 -0.850788E-03  0.            0.            0.121780E-04  012000
 -0.135223E-02 -0.310599E-03  0.            0.            0.626100E-04  011100
  0.            0.            0.            0.            0.            011010
  0.            0.            0.511493E-02  0.124251E-02  0.            011001
 -0.183897E-03  0.394640E-06  0.            0.            0.975580E-04  010200
  0.            0.            0.            0.            0.            010110
  0.            0.            0.900145E-03  0.227531E-03  0.            010101
  0.            0.            0.            0.            0.            010020
  0.            0.            0.            0.            0.            010011
 -0.250745E-01 -0.513916E-02  0.            0.           -0.160204E-02  010002
  0.            0.            0.577182E-03  0.139858E-03  0.            003000
  0.            0.            0.476529E-03  0.176662E-03  0.            002100
  0.            0.            0.            0.            0.            002010
 -0.510909E-02 -0.143579E-02  0.            0.            0.117521E-02  002001
  0.            0.            0.414106E-03  0.255633E-03  0.            001200
  0.            0.            0.            0.            0.            001110
 -0.197513E-02 -0.569107E-03  0.            0.            0.216114E-02  001101
  0.            0.            0.            0.            0.            001020
  0.            0.            0.            0.            0.            001011
  0.            0.            0.145653E-01  0.335452E-02  0.            001002
  0.            0.            0.310586E-03  0.212684E-03  0.            000300
  0.            0.            0.            0.            0.            000210
 -0.190143E-03 -0.583691E-04  0.            0.            0.434390E-03  000201
  0.            0.            0.            0.            0.            000120
  0.            0.            0.            0.            0.            000111
  0.            0.            0.207179E-01  0.725439E-02  0.            000102
  0.            0.            0.            0.            0.            000030
  0.            0.            0.            0.            0.            000021
  0.            0.            0.            0.            0.            000012
 -0.843011E-02 -0.346202E-02  0.            0.            0.170612E-01  000003
-------------------------------------------------------------------------------
F10-F11
 -0.446961E+00 -0.271290E+00  0.            0.           -0.268957E+00  100000
  0.348825E+01 -0.120085E+00  0.            0.           -0.183628E+01  010000
  0.            0.           -0.467424E+00 -0.796870E+00  0.            001000
  0.            0.           -0.281567E+01 -0.693958E+01  0.            000100
  0.            0.            0.            0.            0.100000E+01  000010
  0.313629E+02  0.830670E+01  0.            0.            0.423292E+02  000001
 -0.199527E-06  0.241837E-05  0.            0.           -0.126512E-03  200000
 -0.241740E-04 -0.523132E-04  0.            0.           -0.114050E-02  110000
  0.            0.           -0.335565E-05  0.219255E-04  0.            101000
  0.            0.           -0.258933E-03 -0.259538E-03  0.            100100
  0.            0.            0.            0.            0.            100010
  0.247239E-01  0.456586E-02  0.            0.            0.410960E-02  100001
 -0.185914E-02 -0.921052E-03  0.            0.           -0.679832E-02  020000
  0.            0.            0.232940E-03  0.626909E-03  0.            011000
  0.            0.           -0.257575E-03 -0.121077E-03  0.            010100
  0.            0.            0.            0.            0.            010010
  0.162255E+00  0.562072E-01  0.            0.            0.206221E-01  010001
 -0.465423E-04 -0.137936E-04  0.            0.           -0.513111E-03  002000
 -0.363022E-03 -0.301202E-04  0.            0.           -0.895948E-02  001100
  0.            0.            0.            0.            0.            001010
  0.            0.            0.243777E-01  0.260943E-02  0.            001001
 -0.218271E-02 -0.132206E-03  0.            0.           -0.423208E-01  000200
  0.            0.            0.            0.            0.            000110
  0.            0.            0.262873E+00  0.101947E+00  0.            000101
  0.            0.            0.            0.            0.            000020
  0.            0.            0.            0.            0.            000011
 -0.225672E+00  0.145500E-01  0.            0.           -0.694347E+00  000002
 -0.800444E-06 -0.251900E-06  0.            0.            0.137431E-07  300000
 -0.240730E-04 -0.806824E-05  0.            0.            0.243362E-07  210000
  0.            0.           -0.134844E-05 -0.235449E-06  0.            201000
  0.            0.           -0.129669E-04 -0.349094E-05  0.            200100
  0.            0.            0.            0.            0.            200010
 -0.396806E-04 -0.143132E-04  0.            0.            0.445624E-05  200001
 -0.258932E-03 -0.877070E-04  0.            0.           -0.102347E-05  120000
  0.            0.           -0.290974E-04 -0.762038E-05  0.            111000
  0.            0.           -0.273436E-03 -0.798374E-04  0.            110100
  0.            0.            0.            0.            0.            110010
 -0.910500E-03 -0.312362E-03  0.            0.            0.587290E-04  110001
 -0.775159E-05 -0.254658E-05  0.            0.            0.568856E-07  102000
 -0.141386E-03 -0.468924E-04  0.            0.            0.166557E-06  101100
  0.            0.            0.            0.            0.            101010
  0.            0.           -0.499989E-04 -0.152847E-04  0.            101001
 -0.653421E-03 -0.217246E-03  0.            0.           -0.219538E-05  100200
  0.            0.            0.            0.            0.            100110
  0.            0.           -0.449420E-03 -0.141096E-03  0.            100101
  0.            0.            0.            0.            0.            100020
  0.            0.            0.            0.            0.            100011
 -0.127975E-02 -0.329676E-03  0.            0.           -0.117211E-03  100002
 -0.948565E-03 -0.324503E-03  0.            0.           -0.440667E-05  030000
  0.            0.           -0.174357E-03 -0.497452E-04  0.            021000
  0.            0.           -0.163274E-02 -0.494303E-03  0.            020100
  0.            0.            0.            0.            0.            020010
 -0.506974E-02 -0.175994E-02  0.            0.            0.282599E-03  020001
 -0.859010E-04 -0.301980E-04  0.            0.            0.829302E-06  012000
 -0.158569E-02 -0.558721E-03  0.            0.            0.822823E-05  011100
  0.            0.            0.            0.            0.            011010
  0.            0.           -0.741291E-03 -0.234230E-03  0.            011001
 -0.735765E-02 -0.259490E-02  0.            0.            0.361338E-05  010200
  0.            0.            0.            0.            0.            010110
  0.            0.           -0.668958E-02 -0.211655E-02  0.            010101
  0.            0.            0.            0.            0.            010020
  0.            0.            0.            0.            0.            010011
 -0.147010E-01 -0.455460E-02  0.            0.           -0.693103E-03  010002
  0.            0.           -0.354723E-05 -0.842307E-06  0.            003000
  0.            0.           -0.100222E-03 -0.281061E-04  0.            002100
  0.            0.            0.            0.            0.            002010
 -0.160069E-03 -0.614729E-04  0.            0.            0.159325E-04  002001
  0.            0.           -0.939548E-03 -0.283220E-03  0.            001200
  0.            0.            0.            0.            0.            001110
 -0.299048E-02 -0.114673E-02  0.            0.            0.373315E-03  001101
  0.            0.            0.            0.            0.            001020
  0.            0.            0.            0.            0.            001011
  0.            0.           -0.126606E-02 -0.286783E-03  0.            001002
  0.            0.           -0.293615E-02 -0.924655E-03  0.            000300
  0.            0.            0.            0.            0.            000210
 -0.139322E-01 -0.535015E-02  0.            0.            0.214739E-02  000201
  0.            0.            0.            0.            0.            000120
  0.            0.            0.            0.            0.            000111
  0.            0.           -0.146455E-01 -0.404968E-02  0.            000102
  0.            0.            0.            0.            0.            000030
  0.            0.            0.            0.            0.            000021
  0.            0.            0.            0.            0.            000012
 -0.619451E-02 -0.346202E-02  0.            0.            0.113088E-01  000003
-------------------------------------------------------------------------------
F10-F11+1m
 -0.718251E+00 -0.271290E+00  0.            0.           -0.268957E+00  100000
  0.336816E+01 -0.120085E+00  0.            0.           -0.183628E+01  010000
  0.            0.           -0.126429E+01 -0.796870E+00  0.            001000
  0.            0.           -0.975524E+01 -0.693958E+01  0.            000100
  0.            0.            0.            0.            0.100000E+01  000010
  0.396695E+02  0.830670E+01  0.            0.            0.457681E+02  000001
  0.221884E-05  0.241837E-05  0.            0.           -0.147151E-03  200000
 -0.764873E-04 -0.523132E-04  0.            0.           -0.115877E-02  110000
  0.            0.            0.185698E-04  0.219255E-04  0.            101000
  0.            0.           -0.518471E-03 -0.259538E-03  0.            100100
  0.            0.            0.            0.            0.            100010
  0.320027E-01  0.456586E-02  0.            0.            0.537345E-02  100001
 -0.278019E-02 -0.921052E-03  0.            0.           -0.680237E-02  020000
  0.            0.            0.859849E-03  0.626909E-03  0.            011000
  0.            0.           -0.378652E-03 -0.121077E-03  0.            010100
  0.            0.            0.            0.            0.            010010
  0.219663E+00  0.562072E-01  0.            0.            0.211815E-01  010001
 -0.603358E-04 -0.137936E-04  0.            0.           -0.691177E-03  002000
 -0.393142E-03 -0.301202E-04  0.            0.           -0.120609E-01  001100
  0.            0.            0.            0.            0.            001010
  0.            0.            0.349558E-01  0.260943E-02  0.            001001
 -0.231491E-02 -0.132206E-03  0.            0.           -0.558251E-01  000200
  0.            0.            0.            0.            0.            000110
  0.            0.            0.434216E+00  0.101947E+00  0.            000101
  0.            0.            0.            0.            0.            000020
  0.            0.            0.            0.            0.            000011
 -0.294189E+00  0.145500E-01  0.            0.           -0.765280E+00  000002
 -0.106233E-05 -0.251900E-06  0.            0.            0.141110E-07  300000
 -0.321545E-04 -0.806824E-05  0.            0.            0.165397E-07  210000
  0.            0.           -0.161321E-05 -0.235449E-06  0.            201000
  0.            0.           -0.167132E-04 -0.349094E-05  0.            200100
  0.            0.            0.            0.            0.            200010
 -0.531010E-04 -0.143132E-04  0.            0.            0.567898E-05  200001
 -0.346645E-03 -0.877070E-04  0.            0.           -0.116713E-05  120000
  0.            0.           -0.367437E-04 -0.762038E-05  0.            111000
  0.            0.           -0.353499E-03 -0.798374E-04  0.            110100
  0.            0.            0.            0.            0.            110010
 -0.122153E-02 -0.312362E-03  0.            0.            0.683096E-04  110001
 -0.103843E-04 -0.254658E-05  0.            0.            0.645857E-07  102000
 -0.189779E-03 -0.468924E-04  0.            0.            0.131317E-06  101100
  0.            0.            0.            0.            0.            101010
  0.            0.           -0.637071E-04 -0.152847E-04  0.            101001
 -0.877199E-03 -0.217246E-03  0.            0.           -0.322560E-05  100200
  0.            0.            0.            0.            0.            100110
  0.            0.           -0.572283E-03 -0.141096E-03  0.            100101
  0.            0.            0.            0.            0.            100020
  0.            0.            0.            0.            0.            100011
 -0.171861E-02 -0.329676E-03  0.            0.           -0.169295E-03  100002
 -0.127307E-02 -0.324503E-03  0.            0.           -0.446870E-05  030000
  0.            0.           -0.224108E-03 -0.497452E-04  0.            021000
  0.            0.           -0.212709E-02 -0.494303E-03  0.            020100
  0.            0.            0.            0.            0.            020010
 -0.682029E-02 -0.175994E-02  0.            0.            0.290781E-03  020001
 -0.116137E-03 -0.301980E-04  0.            0.            0.110855E-05  012000
 -0.214507E-02 -0.558721E-03  0.            0.            0.106120E-04  011100
  0.            0.            0.            0.            0.            011010
  0.            0.           -0.980995E-03 -0.234230E-03  0.            011001
 -0.995544E-02 -0.259490E-02  0.            0.            0.313325E-05  010200
  0.            0.            0.            0.            0.            010110
  0.            0.           -0.879799E-02 -0.211655E-02  0.            010101
  0.            0.            0.            0.            0.            010020
  0.            0.            0.            0.            0.            010011
 -0.198458E-01 -0.455460E-02  0.            0.           -0.968594E-03  010002
  0.            0.           -0.464254E-05 -0.842307E-06  0.            003000
  0.            0.           -0.134938E-03 -0.281061E-04  0.            002100
  0.            0.            0.            0.            0.            002010
 -0.218766E-03 -0.614729E-04  0.            0.            0.218162E-04  002001
  0.            0.           -0.128033E-02 -0.283220E-03  0.            001200
  0.            0.            0.            0.            0.            001110
 -0.409097E-02 -0.114673E-02  0.            0.            0.510217E-03  001101
  0.            0.            0.            0.            0.            001020
  0.            0.            0.            0.            0.            001011
  0.            0.           -0.171054E-02 -0.286783E-03  0.            001002
  0.            0.           -0.402790E-02 -0.924655E-03  0.            000300
  0.            0.            0.            0.            0.            000210
 -0.190810E-01 -0.535015E-02  0.            0.            0.289767E-02  000201
  0.            0.            0.            0.            0.            000120
  0.            0.            0.            0.            0.            000111
  0.            0.           -0.208608E-01 -0.404968E-02  0.            000102
  0.            0.            0.            0.            0.            000030
  0.            0.            0.            0.            0.            000021
  0.            0.            0.            0.            0.            000012
 -0.843011E-02 -0.346202E-02  0.            0.            0.125399E-01  000003
-------------------------------------------------------------------------------
