Ref. Par.:   238   86
Brho89: 7.1440 Tm
Brho9M: 7.1330 Tm
BrhoMT: 7.1330 Tm
BrhoTE: 7.1220 Tm
                                      unit: mm,mrad,dp/p(%)
F8-F9
 -0.159682E+01 -0.241875E+00  0.            0.           -0.199051E-01  100000
  0.241090E+01 -0.261059E+00  0.            0.            0.114695E+01  010000
  0.            0.           -0.390716E+01 -0.508589E+00  0.            001000
  0.            0.            0.105962E+01 -0.118012E+00  0.            000100
  0.            0.            0.            0.            0.100000E+01  000010
 -0.315528E+02 -0.499995E+01  0.            0.            0.411332E+02  000001
-------------------------------------------------------------------------------
F8-F9.5
 -0.206337E+01  0.851492E-02  0.            0.           -0.199051E-01  100000
 -0.137020E+00 -0.484078E+00  0.            0.            0.114695E+01  010000
  0.            0.           -0.566988E+01  0.129327E-01  0.            001000
  0.            0.            0.341550E+00 -0.177150E+00  0.            000100
  0.            0.            0.            0.            0.100000E+01  000010
 -0.419287E+02  0.231057E-02  0.            0.            0.602246E+02  000001
-------------------------------------------------------------------------------
F8-F10
 -0.150473E+01  0.249643E+00  0.            0.           -0.199051E-01  100000
 -0.261809E+01 -0.230214E+00  0.            0.            0.114695E+01  010000
  0.            0.           -0.379234E+01  0.531733E+00  0.            001000
  0.            0.           -0.595369E+00 -0.180211E+00  0.            000100
  0.            0.            0.            0.            0.100000E+01  000010
 -0.314638E+02  0.498594E+01  0.            0.            0.793047E+02  000001
-------------------------------------------------------------------------------
F8-F11
  0.996929E+00 -0.328990E-01  0.            0.           -0.394565E-01  100000
  0.131684E+00  0.998735E+00  0.            0.            0.229641E+01  010000
  0.            0.            0.100835E+01 -0.150776E+00  0.            001000
  0.            0.           -0.118185E+00  0.100939E+01  0.            000100
  0.            0.            0.            0.            0.100000E+01  000010
  0.406168E+02 -0.639782E+00  0.            0.            0.120551E+03  000001
-------------------------------------------------------------------------------
F9-F9.5
  0.505521E+00 -0.119309E+00  0.            0.            0.            100000
  0.519338E+01  0.752454E+00  0.            0.            0.            010000
  0.            0.            0.842821E+00 -0.916226E-01  0.            001000
  0.            0.            0.467340E+01  0.678449E+00  0.            000100
  0.            0.            0.            0.            0.100000E+01  000010
  0.            0.            0.            0.            0.190801E+02  000001
-------------------------------------------------------------------------------
F9-F10
 -0.240428E+00 -0.120855E+00  0.            0.            0.            100000
  0.780836E+01 -0.234256E+00  0.            0.            0.            010000
  0.            0.            0.144742E+00 -0.154404E+00  0.            001000
  0.            0.            0.634462E+01  0.140683E+00  0.            000100
  0.            0.            0.            0.            0.100000E+01  000010
  0.            0.            0.            0.            0.381602E+02  000001
-------------------------------------------------------------------------------
F9-F11
 -0.228406E+00  0.250158E+00  0.            0.            0.283130E+00  100000
 -0.261377E+01 -0.151548E+01  0.            0.           -0.178834E+01  010000
  0.            0.           -0.179105E+00  0.531158E+00  0.            001000
  0.            0.           -0.606697E+00 -0.378408E+01  0.            000100
  0.            0.            0.            0.            0.100000E+01  000010
  0.203301E+02 -0.323749E+00  0.            0.            0.793869E+02  000001
-------------------------------------------------------------------------------
F9.5-F10
  0.750699E+00 -0.118887E+00  0.            0.            0.            100000
  0.519593E+01  0.509224E+00  0.            0.            0.            010000
  0.            0.            0.679511E+00 -0.918656E-01  0.            001000
  0.            0.            0.467094E+01  0.840164E+00  0.            000100
  0.            0.            0.            0.            0.100000E+01  000010
  0.            0.            0.            0.            0.190801E+02  000001
-------------------------------------------------------------------------------
F9.5-F11
 -0.483713E+00  0.742153E-02  0.            0.           -0.323168E-03  100000
 -0.135115E+00 -0.206527E+01  0.            0.           -0.237444E+01  010000
  0.            0.           -0.177101E+00  0.136558E-01  0.            001000
  0.            0.            0.325693E+00 -0.567161E+01  0.            000100
  0.            0.            0.            0.            0.100000E+01  000010
  0.203301E+02 -0.323749E+00  0.            0.            0.603016E+02  000001
-------------------------------------------------------------------------------
F10-F11
 -0.262381E+00 -0.241754E+00  0.            0.           -0.282454E+00  100000
  0.241190E+01 -0.158896E+01  0.            0.           -0.178081E+01  010000
  0.            0.           -0.118874E+00 -0.509553E+00  0.            001000
  0.            0.            0.104854E+01 -0.391771E+01  0.            000100
  0.            0.            0.            0.            0.100000E+01  000010
  0.203301E+02 -0.323749E+00  0.            0.            0.412163E+02  000001
-------------------------------------------------------------------------------
