Ref. Par.:   286   90
Brho89: 7.2702 Tm
Brho9M: 7.2764 Tm
BrhoMT: 7.2764 Tm
BrhoTE: 7.2481 Tm
                                      unit: mm,mrad,dp/p(%)
F8-F9
 -0.159522E+01 -0.241608E+00  0.            0.           -0.195321E-01  100000
  0.243223E+01 -0.258493E+00  0.            0.            0.112542E+01  010000
  0.            0.           -0.389268E+01 -0.507124E+00  0.            001000
  0.            0.            0.108502E+01 -0.115541E+00  0.            000100
  0.            0.            0.            0.            0.100000E+01  000010
 -0.315520E+02 -0.499982E+01  0.            0.            0.442580E+02  000001
  0.879655E-04  0.153051E-04  0.            0.           -0.201139E-03  200000
  0.430971E-03 -0.990568E-05  0.            0.           -0.952376E-04  110000
  0.            0.           -0.328739E-03 -0.639848E-04  0.            101000
  0.            0.           -0.345721E-03 -0.174472E-04  0.            100100
  0.            0.            0.            0.            0.            100010
  0.241322E-01 -0.843416E-03  0.            0.           -0.155506E-04  100001
  0.191296E-03  0.160711E-05  0.            0.           -0.162110E-02  020000
  0.            0.            0.736798E-03 -0.620684E-04  0.            011000
  0.            0.            0.783559E-03  0.975104E-04  0.            010100
  0.            0.            0.            0.            0.            010010
  0.106441E+00  0.134968E-01  0.            0.           -0.102834E-01  010001
  0.590899E-03  0.636812E-04  0.            0.           -0.853318E-03  002000
 -0.232868E-03  0.320609E-04  0.            0.           -0.121162E-02  001100
  0.            0.            0.            0.            0.            001010
  0.            0.            0.112154E+00  0.621072E-02  0.            001001
  0.849983E-04  0.313273E-04  0.            0.           -0.171003E-02  000200
  0.            0.            0.            0.            0.            000110
  0.            0.            0.257322E+00  0.284630E-01  0.            000101
  0.            0.            0.            0.            0.            000020
  0.            0.            0.            0.            0.            000011
  0.412321E+00  0.162019E-01  0.            0.           -0.700509E+00  000002
 -0.193252E-05 -0.103608E-06  0.            0.           -0.329767E-06  300000
 -0.177445E-04 -0.128354E-05  0.            0.           -0.260182E-05  210000
  0.            0.           -0.200504E-04 -0.205947E-05  0.            201000
  0.            0.           -0.454716E-04 -0.475891E-05  0.            200100
  0.            0.            0.            0.            0.            200010
 -0.285121E-05 -0.160361E-06  0.            0.            0.491587E-05  200001
 -0.715059E-04 -0.600125E-05  0.            0.           -0.926889E-05  120000
  0.            0.           -0.120893E-03 -0.125805E-04  0.            111000
  0.            0.           -0.284542E-03 -0.299783E-04  0.            110100
  0.            0.            0.            0.            0.            110010
 -0.166322E-04 -0.158197E-05  0.            0.            0.169410E-04  110001
 -0.150539E-04 -0.935840E-06  0.            0.           -0.249451E-05  102000
 -0.661508E-04 -0.431526E-05  0.            0.           -0.109136E-04  101100
  0.            0.            0.            0.            0.            101010
  0.            0.            0.976561E-05  0.190875E-05  0.            101001
 -0.775494E-04 -0.521330E-05  0.            0.           -0.123512E-04  100200
  0.            0.            0.            0.            0.            100110
  0.            0.            0.207022E-04  0.374998E-05  0.            100101
  0.            0.            0.            0.            0.            100020
  0.            0.            0.            0.            0.            100011
 -0.171156E-03  0.293479E-04  0.            0.            0.345280E-04  100002
 -0.120337E-03 -0.113124E-04  0.            0.           -0.135337E-04  030000
  0.            0.           -0.251247E-03 -0.263054E-04  0.            021000
  0.            0.           -0.613439E-03 -0.650961E-04  0.            020100
  0.            0.            0.            0.            0.            020010
 -0.284171E-04  0.528689E-06  0.            0.            0.525487E-04  020001
 -0.551047E-04 -0.443744E-05  0.            0.           -0.723377E-05  012000
 -0.251135E-03 -0.207048E-04  0.            0.           -0.332208E-04  011100
  0.            0.            0.            0.            0.            011010
  0.            0.            0.131172E-04  0.781315E-05  0.            011001
 -0.305303E-03 -0.257380E-04  0.            0.           -0.394708E-04  010200
  0.            0.            0.            0.            0.            010110
  0.            0.           -0.221447E-04  0.559761E-05  0.            010101
  0.            0.            0.            0.            0.            010020
  0.            0.            0.            0.            0.            010011
 -0.271887E-02 -0.168351E-03  0.            0.            0.308202E-03  010002
  0.            0.           -0.236375E-04 -0.232414E-05  0.            003000
  0.            0.           -0.164586E-03 -0.173761E-04  0.            002100
  0.            0.            0.            0.            0.            002010
 -0.404529E-04 -0.246519E-05  0.            0.            0.419635E-04  002001
  0.            0.           -0.368878E-03 -0.383210E-04  0.            001200
  0.            0.            0.            0.            0.            001110
 -0.643594E-04 -0.693572E-05  0.            0.            0.117318E-03  001101
  0.            0.            0.            0.            0.            001020
  0.            0.            0.            0.            0.            001011
  0.            0.           -0.207456E-02 -0.522528E-04  0.            001002
  0.            0.           -0.294403E-03 -0.311455E-04  0.            000300
  0.            0.            0.            0.            0.            000210
  0.138899E-04 -0.107955E-05  0.            0.            0.820493E-04  000201
  0.            0.            0.            0.            0.            000120
  0.            0.            0.            0.            0.            000111
  0.            0.           -0.732426E-02 -0.468532E-03  0.            000102
  0.            0.            0.            0.            0.            000030
  0.            0.            0.            0.            0.            000021
  0.            0.            0.            0.            0.            000012
 -0.642590E-02 -0.161964E-03  0.            0.            0.114912E-01  000003
-------------------------------------------------------------------------------
F8-F9.5
 -0.206198E+01  0.834527E-02  0.            0.           -0.195321E-01  100000
 -0.112090E+00 -0.484517E+00  0.            0.            0.112542E+01  010000
  0.            0.           -0.564916E+01  0.130729E-01  0.            001000
  0.            0.            0.374198E+00 -0.177883E+00  0.            000100
  0.            0.            0.            0.            0.100000E+01  000010
 -0.419264E+02 -0.129517E-02  0.            0.            0.647168E+02  000001
  0.123999E-03  0.103155E-05  0.            0.           -0.311471E-03  200000
  0.166589E-03 -0.588358E-04  0.            0.           -0.611182E-04  110000
  0.            0.           -0.575942E-03 -0.132465E-04  0.            101000
  0.            0.           -0.372788E-03  0.198756E-04  0.            100100
  0.            0.            0.            0.            0.            100010
  0.611094E-02 -0.543606E-02  0.            0.           -0.448609E-02  100001
  0.105129E-03 -0.215969E-04  0.            0.           -0.199968E-02  020000
  0.            0.            0.330700E-03 -0.109677E-03  0.            011000
  0.            0.            0.111577E-02 -0.573029E-05  0.            010100
  0.            0.            0.            0.            0.            010010
  0.152187E+00 -0.234737E-02  0.            0.           -0.985591E-02  010001
  0.629711E-03 -0.225199E-04  0.            0.           -0.235718E-02  002000
  0.487113E-04  0.518922E-04  0.            0.           -0.928538E-03  001100
  0.            0.            0.            0.            0.            001010
  0.            0.            0.114941E+00 -0.156638E-01  0.            001001
  0.205717E-03  0.134439E-04  0.            0.           -0.176532E-02  000200
  0.            0.            0.            0.            0.            000110
  0.            0.            0.359106E+00 -0.341276E-02  0.            000101
  0.            0.            0.            0.            0.            000020
  0.            0.            0.            0.            0.            000011
  0.267772E+00 -0.759869E-01  0.            0.           -0.105262E+01  000002
  0.428495E-05  0.190406E-05  0.            0.           -0.316643E-06  300000
 -0.290626E-04 -0.259970E-05  0.            0.           -0.257812E-05  210000
  0.            0.            0.269244E-04  0.199326E-04  0.            201000
  0.            0.           -0.689131E-04 -0.201156E-05  0.            200100
  0.            0.            0.            0.            0.            200010
  0.346519E-03  0.105760E-03  0.            0.            0.922397E-05  200001
 -0.565525E-04  0.691389E-05  0.            0.           -0.934941E-05  120000
  0.            0.           -0.236684E-03 -0.243578E-04  0.            111000
  0.            0.           -0.367726E-03  0.991434E-05  0.            110100
  0.            0.            0.            0.            0.            110010
 -0.550644E-03 -0.149291E-03  0.            0.            0.236596E-04  110001
  0.157717E-03  0.541379E-04  0.            0.           -0.272496E-05  102000
 -0.108307E-03 -0.114434E-04  0.            0.           -0.110995E-04  101100
  0.            0.            0.            0.            0.            101010
  0.            0.            0.216133E-02  0.781807E-03  0.            101001
 -0.622059E-04  0.656324E-05  0.            0.           -0.123020E-04  100200
  0.            0.            0.            0.            0.            100110
  0.            0.           -0.302232E-03 -0.118583E-03  0.            100101
  0.            0.            0.            0.            0.            100020
  0.            0.            0.            0.            0.            100011
  0.735740E-02  0.219178E-02  0.            0.            0.207193E-03  100002
 -0.122906E-03  0.505305E-05  0.            0.           -0.135686E-04  030000
  0.            0.           -0.304838E-03  0.155899E-04  0.            021000
  0.            0.           -0.825855E-03  0.104987E-04  0.            020100
  0.            0.            0.            0.            0.            020010
  0.205522E-03  0.620944E-04  0.            0.            0.577445E-04  020001
 -0.181306E-03 -0.333503E-04  0.            0.           -0.704778E-05  012000
 -0.194097E-03  0.256385E-04  0.            0.           -0.326176E-04  011100
  0.            0.            0.            0.            0.            011010
  0.            0.           -0.147041E-02 -0.534580E-03  0.            011001
 -0.291381E-03  0.161433E-04  0.            0.           -0.395094E-04  010200
  0.            0.            0.            0.            0.            010110
  0.            0.            0.251213E-03  0.908792E-04  0.            010101
  0.            0.            0.            0.            0.            010020
  0.            0.            0.            0.            0.            010011
 -0.778862E-02 -0.118389E-02  0.            0.            0.493446E-03  010002
  0.            0.            0.165051E-03  0.732767E-04  0.            003000
  0.            0.           -0.309407E-03 -0.294250E-04  0.            002100
  0.            0.            0.            0.            0.            002010
  0.337976E-02  0.106827E-02  0.            0.            0.161526E-03  002001
  0.            0.           -0.476139E-03  0.127983E-04  0.            001200
  0.            0.            0.            0.            0.            001110
 -0.112228E-02 -0.320249E-03  0.            0.            0.285304E-03  001101
  0.            0.            0.            0.            0.            001020
  0.            0.            0.            0.            0.            001011
  0.            0.            0.204369E-01  0.838165E-02  0.            001002
  0.            0.           -0.394279E-03  0.562627E-05  0.            000300
  0.            0.            0.            0.            0.            000210
  0.830278E-04  0.226204E-04  0.            0.            0.647033E-04  000201
  0.            0.            0.            0.            0.            000120
  0.            0.            0.            0.            0.            000111
  0.            0.           -0.111615E-01 -0.246613E-03  0.            000102
  0.            0.            0.            0.            0.            000030
  0.            0.            0.            0.            0.            000021
  0.            0.            0.            0.            0.            000012
  0.466672E-01  0.155899E-01  0.            0.            0.181021E-01  000003
-------------------------------------------------------------------------------
F8-F10
 -0.150477E+01  0.249190E+00  0.            0.           -0.195321E-01  100000
 -0.260201E+01 -0.233661E+00  0.            0.            0.112542E+01  010000
  0.            0.           -0.377700E+01  0.530444E+00  0.            001000
  0.            0.           -0.576550E+00 -0.183789E+00  0.            000100
  0.            0.            0.            0.            0.100000E+01  000010
 -0.314851E+02  0.497966E+01  0.            0.            0.851814E+02  000001
  0.984588E-04 -0.142037E-04  0.            0.           -0.420441E-03  200000
 -0.180672E-03 -0.497793E-04  0.            0.           -0.908542E-04  110000
  0.            0.           -0.453162E-03  0.418365E-04  0.            101000
  0.            0.           -0.160447E-03  0.509704E-04  0.            100100
  0.            0.            0.            0.            0.            100010
 -0.330892E-01 -0.454979E-02  0.            0.           -0.892377E-02  100001
 -0.333001E-04 -0.234966E-04  0.            0.           -0.238151E-02  020000
  0.            0.           -0.287555E-03 -0.122512E-03  0.            011000
  0.            0.            0.731297E-03 -0.107412E-03  0.            010100
  0.            0.            0.            0.            0.            010010
  0.121409E+00 -0.228347E-01  0.            0.           -0.107292E-01  010001
  0.355760E-03 -0.862808E-04  0.            0.           -0.385213E-02  002000
  0.306236E-03  0.206650E-04  0.            0.           -0.802761E-03  001100
  0.            0.            0.            0.            0.            001010
  0.            0.           -0.347551E-01 -0.324378E-01  0.            001001
  0.224315E-03 -0.175838E-04  0.            0.           -0.181021E-02  000200
  0.            0.            0.            0.            0.            000110
  0.            0.            0.235468E+00 -0.363297E-01  0.            000101
  0.            0.            0.            0.            0.            000020
  0.            0.            0.            0.            0.            000011
 -0.378535E+00 -0.931855E-01  0.            0.           -0.140482E+01  000002
  0.174972E-04  0.190766E-05  0.            0.           -0.303480E-06  300000
 -0.250475E-04  0.588310E-05  0.            0.           -0.255846E-05  210000
  0.            0.            0.162791E-03  0.341947E-04  0.            201000
  0.            0.           -0.553618E-04  0.506902E-05  0.            200100
  0.            0.            0.            0.            0.            200010
  0.108115E-02  0.102274E-03  0.            0.            0.127518E-04  200001
  0.233574E-05  0.136718E-04  0.            0.           -0.942807E-05  120000
  0.            0.           -0.192213E-03  0.340409E-04  0.            111000
  0.            0.           -0.201954E-03  0.429076E-04  0.            110100
  0.            0.            0.            0.            0.            110010
 -0.762088E-03  0.143992E-03  0.            0.            0.329916E-04  110001
  0.540703E-03  0.536693E-04  0.            0.           -0.296992E-05  102000
 -0.135770E-03  0.891856E-05  0.            0.           -0.112759E-04  101100
  0.            0.            0.            0.            0.            101010
  0.            0.            0.723363E-02  0.127815E-02  0.            101001
 -0.124884E-04  0.107740E-04  0.            0.           -0.122627E-04  100200
  0.            0.            0.            0.            0.            100110
  0.            0.           -0.727102E-03 -0.548656E-04  0.            100101
  0.            0.            0.            0.            0.            100020
  0.            0.            0.            0.            0.            100011
  0.228938E-01  0.206013E-02  0.            0.            0.353614E-03  100002
 -0.635808E-04  0.182896E-04  0.            0.           -0.136003E-04  030000
  0.            0.           -0.978871E-04  0.557859E-04  0.            021000
  0.            0.           -0.511390E-03  0.851306E-04  0.            020100
  0.            0.            0.            0.            0.            020010
  0.661026E-03  0.779914E-04  0.            0.            0.677399E-04  020001
 -0.204160E-03  0.426970E-04  0.            0.           -0.693952E-05  012000
 -0.807561E-05  0.378763E-04  0.            0.           -0.320033E-04  011100
  0.            0.            0.            0.            0.            011010
  0.            0.           -0.179188E-02  0.361419E-03  0.            011001
 -0.134819E-03  0.428823E-04  0.            0.           -0.395103E-04  010200
  0.            0.            0.            0.            0.            010110
  0.            0.            0.635519E-03  0.707825E-04  0.            010101
  0.            0.            0.            0.            0.            010020
  0.            0.            0.            0.            0.            010011
 -0.703854E-02  0.204218E-02  0.            0.            0.741467E-03  010002
  0.            0.            0.654422E-03  0.122861E-03  0.            003000
  0.            0.           -0.337405E-03  0.813356E-05  0.            002100
  0.            0.            0.            0.            0.            002010
  0.109931E-01  0.106692E-02  0.            0.            0.266607E-03  002001
  0.            0.           -0.263372E-03  0.546548E-04  0.            001200
  0.            0.            0.            0.            0.            001110
 -0.240531E-02  0.940513E-05  0.            0.            0.462164E-03  001101
  0.            0.            0.            0.            0.            001020
  0.            0.            0.            0.            0.            001011
  0.            0.            0.768213E-01  0.138378E-01  0.            001002
  0.            0.           -0.241607E-03  0.409825E-04  0.            000300
  0.            0.            0.            0.            0.            000210
  0.182482E-03  0.268728E-05  0.            0.            0.570249E-04  000201
  0.            0.            0.            0.            0.            000120
  0.            0.            0.            0.            0.            000111
  0.            0.           -0.583999E-02  0.155090E-02  0.            000102
  0.            0.            0.            0.            0.            000030
  0.            0.            0.            0.            0.            000021
  0.            0.            0.            0.            0.            000012
  0.161672E+00  0.148663E-01  0.            0.            0.245091E-01  000003
-------------------------------------------------------------------------------
F8-F11
  0.117251E+01  0.316128E-01  0.            0.           -0.378935E-01  100000
 -0.695355E+00  0.834126E+00  0.            0.            0.225352E+01  010000
  0.            0.            0.142811E+01  0.242967E-01  0.            001000
  0.            0.           -0.851627E+00  0.685739E+00  0.            000100
  0.            0.            0.            0.            0.100000E+01  000010
  0.472465E+02  0.185756E+01  0.            0.            0.129591E+03  000001
 -0.139139E-03 -0.902355E-05  0.            0.           -0.631656E-03  200000
 -0.196088E-03  0.203384E-03  0.            0.            0.290785E-03  110000
  0.            0.            0.293902E-03  0.120920E-04  0.            101000
  0.            0.            0.151038E-03 -0.145765E-03  0.            100100
  0.            0.            0.            0.            0.            100010
 -0.211684E-01  0.186029E-01  0.            0.            0.239106E-04  100001
 -0.119292E-03  0.622408E-05  0.            0.           -0.354393E-02  020000
  0.            0.           -0.887724E-03  0.860684E-03  0.            011000
  0.            0.           -0.494642E-03 -0.954082E-04  0.            010100
  0.            0.            0.            0.            0.            010010
 -0.154591E+00 -0.141208E-03  0.            0.           -0.115273E-01  010001
 -0.736758E-03 -0.155454E-04  0.            0.           -0.481795E-02  002000
  0.292969E-03 -0.172772E-03  0.            0.            0.388895E-03  001100
  0.            0.            0.            0.            0.            001010
  0.            0.           -0.126828E+00  0.120595E+00  0.            001001
 -0.253639E-03  0.193110E-05  0.            0.           -0.305073E-02  000200
  0.            0.            0.            0.            0.            000110
  0.            0.           -0.145586E+00 -0.134922E-01  0.            000101
  0.            0.            0.            0.            0.            000020
  0.            0.            0.            0.            0.            000011
 -0.605596E+00  0.375060E+00  0.            0.           -0.192339E+01  000002
  0.517036E-05 -0.635823E-05  0.            0.           -0.845335E-05  300000
  0.354956E-04  0.128592E-05  0.            0.           -0.577453E-05  210000
  0.            0.            0.162901E-03 -0.150831E-03  0.            201000
  0.            0.            0.210187E-04  0.121136E-04  0.            200100
  0.            0.            0.            0.            0.            200010
  0.208895E-03 -0.392177E-03  0.            0.           -0.454158E-03  200001
  0.231221E-04 -0.253876E-04  0.            0.           -0.345272E-04  120000
  0.            0.            0.136979E-03 -0.102782E-05  0.            111000
  0.            0.            0.688858E-04 -0.639728E-04  0.            110100
  0.            0.            0.            0.            0.            110010
  0.134386E-02  0.207083E-03  0.            0.           -0.200067E-04  110001
  0.155364E-03 -0.182890E-03  0.            0.           -0.246503E-03  102000
  0.857981E-04  0.308671E-04  0.            0.            0.105403E-04  101100
  0.            0.            0.            0.            0.            101010
  0.            0.            0.605266E-02 -0.617364E-02  0.            101001
  0.130567E-04 -0.207348E-04  0.            0.           -0.270362E-04  100200
  0.            0.            0.            0.            0.            100110
  0.            0.            0.481596E-03  0.784765E-03  0.            100101
  0.            0.            0.            0.            0.            100020
  0.            0.            0.            0.            0.            100011
  0.125635E-02 -0.900582E-02  0.            0.           -0.930910E-02  100002
  0.127902E-03  0.297102E-05  0.            0.           -0.279521E-04  030000
  0.            0.            0.142382E-03 -0.135159E-03  0.            021000
  0.            0.            0.367957E-03  0.181344E-04  0.            020100
  0.            0.            0.            0.            0.            020010
 -0.979372E-03 -0.581025E-03  0.            0.           -0.251829E-03  020001
  0.232255E-03  0.397399E-05  0.            0.           -0.234183E-04  012000
  0.243535E-04 -0.786679E-04  0.            0.           -0.977656E-04  011100
  0.            0.            0.            0.            0.            011010
  0.            0.            0.240269E-02  0.293714E-03  0.            011001
  0.311448E-03  0.114792E-04  0.            0.           -0.772327E-04  010200
  0.            0.            0.            0.            0.            010110
  0.            0.           -0.209598E-02 -0.151089E-02  0.            010101
  0.            0.            0.            0.            0.            010020
  0.            0.            0.            0.            0.            010011
  0.230009E-01  0.261200E-02  0.            0.           -0.869260E-03  010002
  0.            0.            0.611265E-03 -0.561810E-03  0.            003000
  0.            0.            0.192916E-04  0.124680E-03  0.            002100
  0.            0.            0.            0.            0.            002010
  0.293133E-02 -0.377114E-02  0.            0.           -0.438818E-02  002001
  0.            0.            0.834461E-04 -0.821871E-04  0.            001200
  0.            0.            0.            0.            0.            001110
  0.164486E-02  0.991970E-03  0.            0.            0.807089E-03  001101
  0.            0.            0.            0.            0.            001020
  0.            0.            0.            0.            0.            001011
  0.            0.            0.537654E-01 -0.717629E-01  0.            001002
  0.            0.            0.174534E-03  0.597034E-05  0.            000300
  0.            0.            0.            0.            0.            000210
 -0.125924E-02 -0.453852E-03  0.            0.           -0.461972E-04  000201
  0.            0.            0.            0.            0.            000120
  0.            0.            0.            0.            0.            000111
  0.            0.            0.215829E-01  0.385295E-02  0.            000102
  0.            0.            0.            0.            0.            000030
  0.            0.            0.            0.            0.            000021
  0.            0.            0.            0.            0.            000012
 -0.213234E-01 -0.762949E-01  0.            0.           -0.325815E-01  000003
-------------------------------------------------------------------------------
F8-F11+1m
  0.120412E+01  0.316128E-01  0.            0.           -0.378935E-01  100000
  0.138771E+00  0.834126E+00  0.            0.            0.225352E+01  010000
  0.            0.            0.145240E+01  0.242967E-01  0.            001000
  0.            0.           -0.165888E+00  0.685739E+00  0.            000100
  0.            0.            0.            0.            0.100000E+01  000010
  0.491041E+02  0.185756E+01  0.            0.            0.133189E+03  000001
 -0.148162E-03 -0.902355E-05  0.            0.           -0.631933E-03  200000
  0.729603E-05  0.203384E-03  0.            0.            0.276186E-03  110000
  0.            0.            0.305994E-03  0.120920E-04  0.            101000
  0.            0.            0.527267E-05 -0.145765E-03  0.            100100
  0.            0.            0.            0.            0.            100010
 -0.288164E-02  0.186029E-01  0.            0.           -0.860255E-05  100001
 -0.113068E-03  0.622408E-05  0.            0.           -0.373655E-02  020000
  0.            0.           -0.270397E-04  0.860684E-03  0.            011000
  0.            0.           -0.590050E-03 -0.954082E-04  0.            010100
  0.            0.            0.            0.            0.            010010
 -0.163074E+00 -0.141208E-03  0.            0.           -0.123852E-01  010001
 -0.752303E-03 -0.155454E-04  0.            0.           -0.481811E-02  002000
  0.120197E-03 -0.172772E-03  0.            0.            0.379671E-03  001100
  0.            0.            0.            0.            0.            001010
  0.            0.           -0.647600E-02  0.120595E+00  0.            001001
 -0.251708E-03  0.193110E-05  0.            0.           -0.318091E-02  000200
  0.            0.            0.            0.            0.            000110
  0.            0.           -0.165936E+00 -0.134922E-01  0.            000101
  0.            0.            0.            0.            0.            000020
  0.            0.            0.            0.            0.            000011
 -0.249112E+00  0.375060E+00  0.            0.           -0.197832E+01  000002
 -0.118786E-05 -0.635823E-05  0.            0.           -0.845319E-05  300000
  0.367828E-04  0.128592E-05  0.            0.           -0.577392E-05  210000
  0.            0.            0.120701E-04 -0.150831E-03  0.            201000
  0.            0.            0.331326E-04  0.121136E-04  0.            200100
  0.            0.            0.            0.            0.            200010
 -0.183189E-03 -0.392177E-03  0.            0.           -0.454467E-03  200001
 -0.223251E-05 -0.253876E-04  0.            0.           -0.346212E-04  120000
  0.            0.            0.135951E-03 -0.102782E-05  0.            111000
  0.            0.            0.493107E-05 -0.639728E-04  0.            110100
  0.            0.            0.            0.            0.            110010
  0.154906E-02  0.207083E-03  0.            0.           -0.284180E-04  110001
 -0.275267E-04 -0.182890E-03  0.            0.           -0.246503E-03  102000
  0.116666E-03  0.308671E-04  0.            0.            0.105407E-04  101100
  0.            0.            0.            0.            0.            101010
  0.            0.           -0.121103E-03 -0.617364E-02  0.            101001
 -0.767073E-05 -0.207348E-04  0.            0.           -0.269808E-04  100200
  0.            0.            0.            0.            0.            100110
  0.            0.            0.126786E-02  0.784765E-03  0.            100101
  0.            0.            0.            0.            0.            100020
  0.            0.            0.            0.            0.            100011
 -0.793115E-02 -0.900582E-02  0.            0.           -0.933394E-02  100002
  0.131163E-03  0.297102E-05  0.            0.           -0.279549E-04  030000
  0.            0.            0.723144E-05 -0.135159E-03  0.            021000
  0.            0.            0.386330E-03  0.181344E-04  0.            020100
  0.            0.            0.            0.            0.            020010
 -0.155852E-02 -0.581025E-03  0.            0.           -0.246666E-03  020001
  0.236230E-03  0.397399E-05  0.            0.           -0.234227E-04  012000
 -0.543005E-04 -0.786679E-04  0.            0.           -0.980114E-04  011100
  0.            0.            0.            0.            0.            011010
  0.            0.            0.268784E-02  0.293714E-03  0.            011001
  0.323124E-03  0.114792E-04  0.            0.           -0.771973E-04  010200
  0.            0.            0.            0.            0.            010110
  0.            0.           -0.360486E-02 -0.151089E-02  0.            010101
  0.            0.            0.            0.            0.            010020
  0.            0.            0.            0.            0.            010011
  0.257291E-01  0.261200E-02  0.            0.           -0.101960E-02  010002
  0.            0.            0.494555E-04 -0.561810E-03  0.            003000
  0.            0.            0.143972E-03  0.124680E-03  0.            002100
  0.            0.            0.            0.            0.            002010
 -0.839659E-03 -0.377114E-02  0.            0.           -0.438978E-02  002001
  0.            0.            0.127617E-05 -0.821871E-04  0.            001200
  0.            0.            0.            0.            0.            001110
  0.263858E-02  0.991970E-03  0.            0.            0.761905E-03  001101
  0.            0.            0.            0.            0.            001020
  0.            0.            0.            0.            0.            001011
  0.            0.           -0.192002E-01 -0.717629E-01  0.            001002
  0.            0.            0.180666E-03  0.597034E-05  0.            000300
  0.            0.            0.            0.            0.            000210
 -0.171267E-02 -0.453852E-03  0.            0.           -0.376270E-04  000201
  0.            0.            0.            0.            0.            000120
  0.            0.            0.            0.            0.            000111
  0.            0.            0.256628E-01  0.385295E-02  0.            000102
  0.            0.            0.            0.            0.            000030
  0.            0.            0.            0.            0.            000021
  0.            0.            0.            0.            0.            000012
 -0.101120E+00 -0.762949E-01  0.            0.           -0.321055E-01  000003
-------------------------------------------------------------------------------
F9-F9.5
  0.505924E+00 -0.119221E+00  0.            0.            0.            100000
  0.519402E+01  0.752615E+00  0.            0.            0.            010000
  0.            0.            0.842473E+00 -0.917193E-01  0.            001000
  0.            0.            0.467279E+01  0.678258E+00  0.            000100
  0.            0.            0.            0.            0.100000E+01  000010
  0.            0.            0.            0.            0.204646E+02  000001
  0.            0.            0.            0.           -0.316024E-04  200000
  0.            0.            0.            0.            0.147105E-03  110000
  0.            0.            0.            0.            0.            101000
  0.            0.            0.            0.            0.            100100
  0.            0.            0.            0.            0.            100010
  0.726899E-02  0.542062E-03  0.            0.            0.            100001
  0.            0.            0.            0.           -0.148369E-02  020000
  0.            0.            0.            0.            0.            011000
  0.            0.            0.            0.            0.            010100
  0.            0.            0.            0.            0.            010010
 -0.408898E-01  0.438727E-02  0.            0.            0.            010001
  0.            0.            0.            0.           -0.508821E-04  002000
  0.            0.            0.            0.           -0.187208E-03  001100
  0.            0.            0.            0.            0.            001010
  0.            0.            0.573645E-02  0.155580E-02  0.            001001
  0.            0.            0.            0.           -0.141260E-02  000200
  0.            0.            0.            0.            0.            000110
  0.            0.           -0.271722E-01  0.696919E-02  0.            000101
  0.            0.            0.            0.            0.            000020
  0.            0.            0.            0.            0.            000011
  0.            0.            0.            0.           -0.306969E+00  000002
 -0.525791E-06 -0.145620E-06  0.            0.            0.            300000
 -0.394336E-05 -0.120920E-05  0.            0.            0.            210000
  0.            0.           -0.197207E-05 -0.694035E-06  0.            201000
  0.            0.           -0.469381E-05 -0.175080E-05  0.            200100
  0.            0.            0.            0.            0.            200010
  0.            0.            0.            0.            0.885905E-06  200001
 -0.117641E-04 -0.377577E-05  0.            0.            0.            120000
  0.            0.           -0.111607E-04 -0.407362E-05  0.            111000
  0.            0.           -0.279029E-04 -0.105714E-04  0.            110100
  0.            0.            0.            0.            0.            110010
  0.            0.            0.            0.           -0.394838E-05  110001
 -0.284936E-05 -0.841787E-06  0.            0.            0.            102000
 -0.139939E-04 -0.423515E-05  0.            0.            0.            101100
  0.            0.            0.            0.            0.            101010
  0.            0.            0.            0.            0.            101001
 -0.182487E-04 -0.557769E-05  0.            0.            0.            100200
  0.            0.            0.            0.            0.            100110
  0.            0.            0.            0.            0.            100101
  0.            0.            0.            0.            0.            100020
  0.            0.            0.            0.            0.            100011
 -0.114759E-03 -0.456423E-05  0.            0.            0.            100002
 -0.103825E-04 -0.464112E-05  0.            0.            0.            030000
  0.            0.           -0.188052E-04 -0.709222E-05  0.            021000
  0.            0.           -0.464865E-04 -0.191365E-04  0.            020100
  0.            0.            0.            0.            0.            020010
  0.            0.            0.            0.            0.366752E-04  020001
 -0.767561E-05 -0.259464E-05  0.            0.            0.            012000
 -0.389241E-04 -0.134898E-04  0.            0.            0.            011100
  0.            0.            0.            0.            0.            011010
  0.            0.            0.            0.            0.            011001
 -0.498494E-04 -0.183689E-04  0.            0.            0.            010200
  0.            0.            0.            0.            0.            010110
  0.            0.            0.            0.            0.            010101
  0.            0.            0.            0.            0.            010020
  0.            0.            0.            0.            0.            010011
  0.379622E-03 -0.724459E-04  0.            0.            0.            010002
  0.            0.           -0.140859E-05 -0.513814E-06  0.            003000
  0.            0.           -0.106678E-04 -0.398615E-05  0.            002100
  0.            0.            0.            0.            0.            002010
  0.            0.            0.            0.            0.169490E-05  002001
  0.            0.           -0.277658E-04 -0.104980E-04  0.            001200
  0.            0.            0.            0.            0.            001110
  0.            0.            0.            0.            0.732194E-05  001101
  0.            0.            0.            0.            0.            001020
  0.            0.            0.            0.            0.            001011
  0.            0.           -0.121932E-03 -0.230389E-04  0.            001002
  0.            0.           -0.227416E-04 -0.948203E-05  0.            000300
  0.            0.            0.            0.            0.            000210
  0.            0.            0.            0.            0.371254E-04  000201
  0.            0.            0.            0.            0.            000120
  0.            0.            0.            0.            0.            000111
  0.            0.            0.635989E-04 -0.134177E-03  0.            000102
  0.            0.            0.            0.            0.            000030
  0.            0.            0.            0.            0.            000021
  0.            0.            0.            0.            0.            000012
  0.            0.            0.            0.            0.475603E-02  000003
-------------------------------------------------------------------------------
F9-F10
 -0.239695E+00 -0.120868E+00  0.            0.            0.            100000
  0.781071E+01 -0.233348E+00  0.            0.            0.            010000
  0.            0.            0.144015E+00 -0.154492E+00  0.            001000
  0.            0.            0.634243E+01  0.139894E+00  0.            000100
  0.            0.            0.            0.            0.100000E+01  000010
  0.            0.            0.            0.            0.409293E+02  000001
  0.            0.            0.            0.           -0.593155E-04  200000
  0.            0.            0.            0.            0.309624E-03  110000
  0.            0.            0.            0.            0.            101000
  0.            0.            0.            0.            0.            100100
  0.            0.            0.            0.            0.            100010
  0.153855E-01 -0.117517E-02  0.            0.            0.            100001
  0.            0.            0.            0.           -0.321535E-02  020000
  0.            0.            0.            0.            0.            011000
  0.            0.            0.            0.            0.            010100
  0.            0.            0.            0.            0.            010010
 -0.158296E-01  0.153340E-01  0.            0.            0.            010001
  0.            0.            0.            0.           -0.897538E-04  002000
  0.            0.            0.            0.           -0.397431E-03  001100
  0.            0.            0.            0.            0.            001010
  0.            0.            0.195173E-01  0.156155E-02  0.            001001
  0.            0.            0.            0.           -0.332155E-02  000200
  0.            0.            0.            0.            0.            000110
  0.            0.            0.282299E-01  0.195285E-01  0.            000101
  0.            0.            0.            0.            0.            000020
  0.            0.            0.            0.            0.            000011
  0.            0.            0.            0.           -0.613939E+00  000002
 -0.116064E-05 -0.121501E-07  0.            0.            0.            300000
 -0.952804E-05 -0.227093E-06  0.            0.            0.            210000
  0.            0.           -0.463078E-05 -0.417064E-06  0.            201000
  0.            0.           -0.118082E-04 -0.120209E-05  0.            200100
  0.            0.            0.            0.            0.            200010
  0.            0.            0.            0.            0.162457E-05  200001
 -0.392123E-04 -0.309734E-05  0.            0.            0.            120000
  0.            0.           -0.290217E-04 -0.326699E-05  0.            111000
  0.            0.           -0.934536E-04 -0.154351E-04  0.            110100
  0.            0.            0.            0.            0.            110010
  0.            0.            0.            0.           -0.960399E-05  110001
 -0.665080E-05 -0.118441E-06  0.            0.            0.            102000
 -0.351955E-04 -0.108158E-05  0.            0.            0.            101100
  0.            0.            0.            0.            0.            101010
  0.            0.            0.            0.            0.            101001
 -0.568136E-04 -0.373256E-05  0.            0.            0.            100200
  0.            0.            0.            0.            0.            100110
  0.            0.            0.            0.            0.            100101
  0.            0.            0.            0.            0.            100020
  0.            0.            0.            0.            0.            100011
 -0.182218E-03  0.304526E-04  0.            0.            0.            100002
 -0.256822E-03 -0.831364E-04  0.            0.            0.            030000
  0.            0.           -0.122142E-03 -0.335779E-04  0.            021000
  0.            0.           -0.948141E-03 -0.343008E-03  0.            020100
  0.            0.            0.            0.            0.            020010
  0.            0.            0.            0.            0.856712E-04  020001
 -0.250297E-04 -0.228724E-05  0.            0.            0.            012000
 -0.224034E-03 -0.434632E-04  0.            0.            0.            011100
  0.            0.            0.            0.            0.            011010
  0.            0.            0.            0.            0.            011001
 -0.820928E-03 -0.237021E-03  0.            0.            0.            010200
  0.            0.            0.            0.            0.            010110
  0.            0.            0.            0.            0.            010101
  0.            0.            0.            0.            0.            010020
  0.            0.            0.            0.            0.            010011
 -0.542360E-03 -0.181779E-03  0.            0.            0.            010002
  0.            0.           -0.360751E-05 -0.393637E-06  0.            003000
  0.            0.           -0.336983E-04 -0.534481E-05  0.            002100
  0.            0.            0.            0.            0.            002010
  0.            0.            0.            0.            0.265346E-05  002001
  0.            0.           -0.152756E-03 -0.387831E-04  0.            001200
  0.            0.            0.            0.            0.            001110
  0.            0.            0.            0.            0.127593E-04  001101
  0.            0.            0.            0.            0.            001020
  0.            0.            0.            0.            0.            001011
  0.            0.           -0.311461E-03  0.154601E-05  0.            001002
  0.            0.           -0.367273E-03 -0.125883E-03  0.            000300
  0.            0.            0.            0.            0.            000210
  0.            0.            0.            0.            0.973833E-04  000201
  0.            0.            0.            0.            0.            000120
  0.            0.            0.            0.            0.            000111
  0.            0.           -0.154610E-02 -0.311249E-03  0.            000102
  0.            0.            0.            0.            0.            000030
  0.            0.            0.            0.            0.            000021
  0.            0.            0.            0.            0.            000012
  0.            0.            0.            0.            0.951207E-02  000003
-------------------------------------------------------------------------------
F9-F11
 -0.471088E+00  0.193360E+00  0.            0.            0.277305E+00  100000
 -0.174256E+01 -0.140751E+01  0.            0.           -0.175491E+01  010000
  0.            0.           -0.596885E+00  0.344948E+00  0.            001000
  0.            0.            0.176560E+01 -0.269573E+01  0.            000100
  0.            0.            0.            0.            0.100000E+01  000010
  0.236590E+02  0.920727E+00  0.            0.            0.852875E+02  000001
 -0.564092E-05 -0.859083E-05  0.            0.           -0.159337E-03  200000
 -0.671739E-04 -0.227571E-05  0.            0.            0.938993E-03  110000
  0.            0.           -0.544603E-05 -0.166236E-04  0.            101000
  0.            0.            0.310379E-03 -0.105603E-03  0.            100100
  0.            0.            0.            0.            0.            100010
 -0.173249E-01 -0.426586E-02  0.            0.           -0.496813E-02  100001
 -0.527364E-03  0.312600E-03  0.            0.           -0.658654E-02  020000
  0.            0.            0.188147E-03  0.241645E-03  0.            011000
  0.            0.           -0.149823E-02 -0.698680E-03  0.            010100
  0.            0.            0.            0.            0.            010010
  0.149046E+00 -0.251933E-01  0.            0.           -0.518101E-02  010001
 -0.595425E-04  0.119142E-04  0.            0.           -0.491200E-03  002000
  0.516649E-03 -0.118593E-03  0.            0.            0.398924E-02  001100
  0.            0.            0.            0.            0.            001010
  0.            0.           -0.124479E-01 -0.236609E-01  0.            001001
 -0.180843E-02  0.521235E-04  0.            0.           -0.172981E-01  000200
  0.            0.            0.            0.            0.            000110
  0.            0.            0.243417E+00 -0.144654E-01  0.            000101
  0.            0.            0.            0.            0.            000020
  0.            0.            0.            0.            0.            000011
 -0.154822E+00  0.584998E-01  0.            0.           -0.131563E+01  000002
  0.137507E-05  0.600122E-06  0.            0.            0.349412E-06  300000
 -0.126683E-04 -0.468254E-06  0.            0.            0.300379E-05  210000
  0.            0.            0.422250E-05  0.560124E-05  0.            201000
  0.            0.           -0.465321E-04 -0.873763E-05  0.            200100
  0.            0.            0.            0.            0.            200010
 -0.604476E-04 -0.178856E-04  0.            0.            0.530499E-05  200001
  0.363841E-04  0.211573E-04  0.            0.            0.160134E-04  120000
  0.            0.           -0.571221E-04  0.366377E-05  0.            111000
  0.            0.            0.144648E-03  0.163357E-03  0.            110100
  0.            0.            0.            0.            0.            110010
  0.351800E-03  0.900065E-04  0.            0.           -0.203284E-04  110001
  0.124889E-04  0.506024E-05  0.            0.            0.205817E-05  102000
 -0.143562E-03 -0.313518E-04  0.            0.            0.118821E-04  101100
  0.            0.            0.            0.            0.            101010
  0.            0.           -0.234831E-03 -0.100941E-03  0.            101001
  0.405107E-03  0.132675E-03  0.            0.            0.207192E-04  100200
  0.            0.            0.            0.            0.            100110
  0.            0.            0.137733E-02  0.584595E-03  0.            100101
  0.            0.            0.            0.            0.            100020
  0.            0.            0.            0.            0.            100011
  0.156792E-02  0.332893E-03  0.            0.            0.558334E-04  100002
 -0.372390E-03  0.142669E-03  0.            0.            0.217223E-03  030000
  0.            0.           -0.931881E-04  0.157420E-03  0.            021000
  0.            0.           -0.195027E-02  0.108269E-02  0.            020100
  0.            0.            0.            0.            0.            020010
 -0.564726E-03 -0.141403E-03  0.            0.            0.119178E-03  020001
 -0.443951E-04 -0.370287E-06  0.            0.            0.106814E-04  012000
  0.282205E-03  0.197283E-03  0.            0.            0.139802E-03  011100
  0.            0.            0.            0.            0.            011010
  0.            0.            0.540706E-03  0.222985E-03  0.            011001
 -0.216805E-02  0.169484E-03  0.            0.            0.636942E-03  010200
  0.            0.            0.            0.            0.            010110
  0.            0.           -0.329827E-02 -0.134341E-02  0.            010101
  0.            0.            0.            0.            0.            010020
  0.            0.            0.            0.            0.            010011
 -0.332785E-02  0.188875E-03  0.            0.            0.347627E-03  010002
  0.            0.            0.781372E-05  0.657798E-05  0.            003000
  0.            0.           -0.203551E-03 -0.466035E-04  0.            002100
  0.            0.            0.            0.            0.            002010
 -0.199015E-03 -0.692973E-04  0.            0.            0.446777E-04  002001
  0.            0.            0.838003E-03  0.572924E-03  0.            001200
  0.            0.            0.            0.            0.            001110
  0.233159E-02  0.782886E-03  0.            0.           -0.201148E-03  001101
  0.            0.            0.            0.            0.            001020
  0.            0.            0.            0.            0.            001011
  0.            0.            0.374681E-02  0.162087E-02  0.            001002
  0.            0.           -0.258388E-02 -0.333421E-03  0.            000300
  0.            0.            0.            0.            0.            000210
 -0.681115E-02 -0.223641E-02  0.            0.           -0.675401E-04  000201
  0.            0.            0.            0.            0.            000120
  0.            0.            0.            0.            0.            000111
  0.            0.           -0.145948E-01 -0.333097E-02  0.            000102
  0.            0.            0.            0.            0.            000030
  0.            0.            0.            0.            0.            000021
  0.            0.            0.            0.            0.            000012
 -0.641153E-02 -0.357511E-02  0.            0.            0.209878E-01  000003
-------------------------------------------------------------------------------
F9-F11+1m
 -0.277728E+00  0.193360E+00  0.            0.            0.277305E+00  100000
 -0.315007E+01 -0.140751E+01  0.            0.           -0.175491E+01  010000
  0.            0.           -0.251937E+00  0.344948E+00  0.            001000
  0.            0.           -0.930131E+00 -0.269573E+01  0.            000100
  0.            0.            0.            0.            0.100000E+01  000010
  0.245798E+02  0.920727E+00  0.            0.            0.888854E+02  000001
 -0.142317E-04 -0.859083E-05  0.            0.           -0.169688E-03  200000
 -0.694496E-04 -0.227571E-05  0.            0.            0.108968E-02  110000
  0.            0.           -0.220696E-04 -0.166236E-04  0.            101000
  0.            0.            0.204776E-03 -0.105603E-03  0.            100100
  0.            0.            0.            0.            0.            100010
 -0.235243E-01 -0.426586E-02  0.            0.           -0.506671E-02  100001
 -0.214764E-03  0.312600E-03  0.            0.           -0.713497E-02  020000
  0.            0.            0.429792E-03  0.241645E-03  0.            011000
  0.            0.           -0.219691E-02 -0.698680E-03  0.            010100
  0.            0.            0.            0.            0.            010010
  0.137928E+00 -0.251933E-01  0.            0.           -0.446349E-02  010001
 -0.476283E-04  0.119142E-04  0.            0.           -0.524141E-03  002000
  0.398056E-03 -0.118593E-03  0.            0.            0.450409E-02  001100
  0.            0.            0.            0.            0.            001010
  0.            0.           -0.395583E-01 -0.236609E-01  0.            001001
 -0.175630E-02  0.521235E-04  0.            0.           -0.193099E-01  000200
  0.            0.            0.            0.            0.            000110
  0.            0.            0.255909E+00 -0.144654E-01  0.            000101
  0.            0.            0.            0.            0.            000020
  0.            0.            0.            0.            0.            000011
 -0.105530E+00  0.584998E-01  0.            0.           -0.136984E+01  000002
  0.197881E-05  0.600122E-06  0.            0.            0.350332E-06  300000
 -0.132155E-04 -0.468254E-06  0.            0.            0.299734E-05  210000
  0.            0.            0.983019E-05  0.560124E-05  0.            201000
  0.            0.           -0.553201E-04 -0.873763E-05  0.            200100
  0.            0.            0.            0.            0.            200010
 -0.781957E-04 -0.178856E-04  0.            0.            0.604033E-05  200001
  0.581161E-04  0.211573E-04  0.            0.            0.159782E-04  120000
  0.            0.           -0.535522E-04  0.366377E-05  0.            111000
  0.            0.            0.308738E-03  0.163357E-03  0.            110100
  0.            0.            0.            0.            0.            110010
  0.441077E-03  0.900065E-04  0.            0.           -0.249474E-04  110001
  0.175607E-04  0.506024E-05  0.            0.            0.206007E-05  102000
 -0.175093E-03 -0.313518E-04  0.            0.            0.118901E-04  101100
  0.            0.            0.            0.            0.            101010
  0.            0.           -0.335544E-03 -0.100941E-03  0.            101001
  0.538485E-03  0.132675E-03  0.            0.            0.205560E-04  100200
  0.            0.            0.            0.            0.            100110
  0.            0.            0.196251E-02  0.584595E-03  0.            100101
  0.            0.            0.            0.            0.            100020
  0.            0.            0.            0.            0.            100011
  0.196934E-02  0.332893E-03  0.            0.            0.543572E-04  100002
 -0.231115E-03  0.142669E-03  0.            0.            0.217466E-03  030000
  0.            0.            0.645734E-04  0.157420E-03  0.            021000
  0.            0.           -0.870248E-03  0.108269E-02  0.            020100
  0.            0.            0.            0.            0.            020010
 -0.706519E-03 -0.141403E-03  0.            0.            0.113918E-03  020001
 -0.448492E-04 -0.370287E-06  0.            0.            0.106445E-04  012000
  0.480797E-03  0.197283E-03  0.            0.            0.140204E-03  011100
  0.            0.            0.            0.            0.            011010
  0.            0.            0.760828E-03  0.222985E-03  0.            011001
 -0.200367E-02  0.169484E-03  0.            0.            0.635939E-03  010200
  0.            0.            0.            0.            0.            010110
  0.            0.           -0.463120E-02 -0.134341E-02  0.            010101
  0.            0.            0.            0.            0.            010020
  0.            0.            0.            0.            0.            010011
 -0.307532E-02  0.188875E-03  0.            0.            0.387046E-03  010002
  0.            0.            0.144122E-04  0.657798E-05  0.            003000
  0.            0.           -0.250635E-03 -0.466035E-04  0.            002100
  0.            0.            0.            0.            0.            002010
 -0.268376E-03 -0.692973E-04  0.            0.            0.500635E-04  002001
  0.            0.            0.141469E-02  0.572924E-03  0.            001200
  0.            0.            0.            0.            0.            001110
  0.311481E-02  0.782886E-03  0.            0.           -0.247282E-03  001101
  0.            0.            0.            0.            0.            001020
  0.            0.            0.            0.            0.            001011
  0.            0.            0.565014E-02  0.162087E-02  0.            001002
  0.            0.           -0.292710E-02 -0.333421E-03  0.            000300
  0.            0.            0.            0.            0.            000210
 -0.904473E-02 -0.223641E-02  0.            0.           -0.358491E-04  000201
  0.            0.            0.            0.            0.            000120
  0.            0.            0.            0.            0.            000111
  0.            0.           -0.181394E-01 -0.333097E-02  0.            000102
  0.            0.            0.            0.            0.            000030
  0.            0.            0.            0.            0.            000021
  0.            0.            0.            0.            0.            000012
 -0.104493E-01 -0.357511E-02  0.            0.            0.218007E-01  000003
-------------------------------------------------------------------------------
F9.5-F10
  0.750800E+00 -0.118787E+00  0.            0.            0.            100000
  0.519661E+01  0.509735E+00  0.            0.            0.            010000
  0.            0.            0.679402E+00 -0.919545E-01  0.            001000
  0.            0.            0.467037E+01  0.839765E+00  0.            000100
  0.            0.            0.            0.            0.100000E+01  000010
  0.            0.            0.            0.            0.204646E+02  000001
  0.            0.            0.            0.           -0.257282E-04  200000
  0.            0.            0.            0.           -0.309851E-04  110000
  0.            0.            0.            0.            0.            101000
  0.            0.            0.            0.            0.            100100
  0.            0.            0.            0.            0.            100010
  0.440668E-02  0.539877E-03  0.            0.            0.            100001
  0.            0.            0.            0.           -0.161794E-02  020000
  0.            0.            0.            0.            0.            011000
  0.            0.            0.            0.            0.            010100
  0.            0.            0.            0.            0.            010010
 -0.409464E-01  0.722322E-02  0.            0.            0.            010001
  0.            0.            0.            0.           -0.470191E-04  002000
  0.            0.            0.            0.           -0.786422E-04  001100
  0.            0.            0.            0.            0.            001010
  0.            0.            0.696310E-02  0.155595E-02  0.            001001
  0.            0.            0.            0.           -0.137608E-02  000200
  0.            0.            0.            0.            0.            000110
  0.            0.           -0.271210E-01  0.576007E-02  0.            000101
  0.            0.            0.            0.            0.            000020
  0.            0.            0.            0.            0.            000011
  0.            0.            0.            0.           -0.306969E+00  000002
 -0.519261E-06 -0.171959E-06  0.            0.            0.            300000
 -0.477060E-05 -0.175823E-05  0.            0.            0.            210000
  0.            0.           -0.220905E-05 -0.857399E-06  0.            201000
  0.            0.           -0.580841E-05 -0.237735E-05  0.            200100
  0.            0.            0.            0.            0.            200010
  0.            0.            0.            0.            0.666853E-06  200001
 -0.162691E-04 -0.635661E-05  0.            0.            0.            120000
  0.            0.           -0.138706E-04 -0.552575E-05  0.            111000
  0.            0.           -0.376288E-04 -0.157478E-04  0.            110100
  0.            0.            0.            0.            0.            110010
  0.            0.            0.            0.            0.148964E-05  110001
 -0.219458E-05 -0.699204E-06  0.            0.            0.            102000
 -0.117073E-04 -0.387307E-05  0.            0.            0.            101100
  0.            0.            0.            0.            0.            101010
  0.            0.            0.            0.            0.            101001
 -0.166035E-04 -0.566479E-05  0.            0.            0.            100200
  0.            0.            0.            0.            0.            100110
  0.            0.            0.            0.            0.            100101
  0.            0.            0.            0.            0.            100020
  0.            0.            0.            0.            0.            100011
 -0.727045E-04 -0.452910E-05  0.            0.            0.            100002
 -0.174102E-04 -0.822927E-05  0.            0.            0.            030000
  0.            0.           -0.242990E-04 -0.980698E-05  0.            021000
  0.            0.           -0.650099E-04 -0.285822E-04  0.            020100
  0.            0.            0.            0.            0.            020010
  0.            0.            0.            0.            0.435912E-04  020001
 -0.638856E-05 -0.233878E-05  0.            0.            0.            012000
 -0.354442E-04 -0.132511E-04  0.            0.            0.            011100
  0.            0.            0.            0.            0.            011010
  0.            0.            0.            0.            0.            011001
 -0.497600E-04 -0.200633E-04  0.            0.            0.            010200
  0.            0.            0.            0.            0.            010110
  0.            0.            0.            0.            0.            010101
  0.            0.            0.            0.            0.            010020
  0.            0.            0.            0.            0.            010011
  0.380743E-03 -0.114065E-03  0.            0.            0.            010002
  0.            0.           -0.113029E-05 -0.432428E-06  0.            003000
  0.            0.           -0.896233E-05 -0.351356E-05  0.            002100
  0.            0.            0.            0.            0.            002010
  0.            0.            0.            0.            0.155092E-05  002001
  0.            0.           -0.246290E-04 -0.974184E-05  0.            001200
  0.            0.            0.            0.            0.            001110
  0.            0.            0.            0.            0.400284E-05  001101
  0.            0.            0.            0.            0.            001020
  0.            0.            0.            0.            0.            001011
  0.            0.           -0.134160E-03 -0.230464E-04  0.            001002
  0.            0.           -0.209578E-04 -0.933855E-05  0.            000300
  0.            0.            0.            0.            0.            000210
  0.            0.            0.            0.            0.345363E-04  000201
  0.            0.            0.            0.            0.            000120
  0.            0.            0.            0.            0.            000111
  0.            0.            0.626071E-04 -0.122220E-03  0.            000102
  0.            0.            0.            0.            0.            000030
  0.            0.            0.            0.            0.            000021
  0.            0.            0.            0.            0.            000012
  0.            0.            0.            0.            0.475603E-02  000003
-------------------------------------------------------------------------------
F9.5-F11
 -0.562297E+00 -0.222780E-01  0.            0.           -0.517868E-03  100000
  0.156523E+01 -0.171641E+01  0.            0.           -0.232818E+01  010000
  0.            0.           -0.242903E+00 -0.132866E-01  0.            001000
  0.            0.            0.427659E+01 -0.388295E+01  0.            000100
  0.            0.            0.            0.            0.100000E+01  000010
  0.236590E+02  0.920727E+00  0.            0.            0.648104E+02  000001
 -0.167182E-04 -0.627130E-06  0.            0.           -0.738285E-04  200000
 -0.349710E-05  0.105417E-03  0.            0.            0.194243E-03  110000
  0.            0.            0.174764E-04 -0.387548E-05  0.            101000
  0.            0.           -0.393465E-04 -0.213291E-03  0.            100100
  0.            0.            0.            0.            0.            100010
  0.360754E-02 -0.460185E-02  0.            0.           -0.218757E-02  100001
 -0.110645E-03 -0.145768E-03  0.            0.           -0.683303E-02  020000
  0.            0.           -0.133636E-03  0.159371E-03  0.            011000
  0.            0.           -0.257372E-02 -0.810427E-03  0.            010100
  0.            0.            0.            0.            0.            010010
  0.133443E+00  0.708488E-02  0.            0.            0.217650E-01  010001
 -0.104644E-04 -0.145815E-05  0.            0.           -0.763831E-04  002000
  0.171738E-03 -0.844043E-04  0.            0.            0.932593E-03  001100
  0.            0.            0.            0.            0.            001010
  0.            0.            0.697218E-02 -0.107729E-01  0.            001001
 -0.461756E-02  0.764008E-03  0.            0.           -0.373307E-01  000200
  0.            0.            0.            0.            0.            000110
  0.            0.            0.257145E+00  0.922812E-01  0.            000101
  0.            0.            0.            0.            0.            000020
  0.            0.            0.            0.            0.            000011
 -0.154822E+00  0.584998E-01  0.            0.           -0.100829E+01  000002
 -0.567035E-06  0.348643E-06  0.            0.            0.443880E-06  300000
 -0.105491E-04  0.185688E-05  0.            0.            0.436570E-05  210000
  0.            0.           -0.368415E-05  0.311445E-05  0.            201000
  0.            0.           -0.233493E-04  0.276673E-05  0.            200100
  0.            0.            0.            0.            0.            200010
 -0.106769E-04 -0.416222E-05  0.            0.            0.211270E-05  200001
  0.397930E-04  0.286171E-04  0.            0.            0.162429E-04  120000
  0.            0.           -0.302335E-04  0.169921E-04  0.            111000
  0.            0.            0.272805E-03  0.199100E-03  0.            110100
  0.            0.            0.            0.            0.            110010
  0.318824E-03  0.101510E-03  0.            0.           -0.165932E-04  110001
 -0.253413E-05  0.133211E-05  0.            0.            0.183074E-05  102000
 -0.282451E-04  0.238706E-05  0.            0.            0.994131E-05  101100
  0.            0.            0.            0.            0.            101010
  0.            0.           -0.169841E-04 -0.761060E-05  0.            101001
  0.413447E-03  0.156521E-03  0.            0.            0.112301E-04  100200
  0.            0.            0.            0.            0.            100110
  0.            0.            0.106990E-02  0.466892E-03  0.            100101
  0.            0.            0.            0.            0.            100020
  0.            0.            0.            0.            0.            100011
  0.652606E-03  0.247538E-03  0.            0.            0.363320E-04  100002
 -0.456000E-03 -0.850946E-04  0.            0.            0.182640E-04  030000
  0.            0.           -0.993578E-06  0.528052E-04  0.            021000
  0.            0.           -0.301018E-02 -0.107633E-02  0.            020100
  0.            0.            0.            0.            0.            020010
 -0.270008E-02 -0.749235E-03  0.            0.            0.186562E-03  020001
 -0.107663E-04  0.360478E-05  0.            0.            0.579889E-05  012000
  0.179351E-03  0.865741E-04  0.            0.            0.349110E-04  011100
  0.            0.            0.            0.            0.            011010
  0.            0.            0.209117E-03  0.923034E-04  0.            011001
 -0.766472E-02 -0.200233E-02  0.            0.            0.504582E-04  010200
  0.            0.            0.            0.            0.            010110
  0.            0.           -0.144246E-01 -0.611388E-02  0.            010101
  0.            0.            0.            0.            0.            010020
  0.            0.            0.            0.            0.            010011
 -0.907296E-02 -0.190304E-02  0.            0.           -0.258842E-03  010002
  0.            0.           -0.192924E-05  0.154706E-05  0.            003000
  0.            0.           -0.225009E-04  0.958528E-05  0.            002100
  0.            0.            0.            0.            0.            002010
 -0.406706E-05 -0.184268E-05  0.            0.            0.455596E-05  002001
  0.            0.            0.351981E-03  0.210063E-03  0.            001200
  0.            0.            0.            0.            0.            001110
  0.556525E-03  0.202720E-03  0.            0.           -0.199415E-03  001101
  0.            0.            0.            0.            0.            001020
  0.            0.            0.            0.            0.            001011
  0.            0.            0.857852E-03  0.542849E-03  0.            001002
  0.            0.           -0.889493E-02 -0.359560E-02  0.            000300
  0.            0.            0.            0.            0.            000210
 -0.183629E-01 -0.618447E-02  0.            0.            0.162680E-02  000201
  0.            0.            0.            0.            0.            000120
  0.            0.            0.            0.            0.            000111
  0.            0.           -0.289226E-01 -0.107994E-01  0.            000102
  0.            0.            0.            0.            0.            000030
  0.            0.            0.            0.            0.            000021
  0.            0.            0.            0.            0.            000012
 -0.641153E-02 -0.357511E-02  0.            0.            0.162231E-01  000003
-------------------------------------------------------------------------------
F9.5-F11+1m
 -0.584575E+00 -0.222780E-01  0.            0.           -0.517868E-03  100000
 -0.151172E+00 -0.171641E+01  0.            0.           -0.232818E+01  010000
  0.            0.           -0.256189E+00 -0.132866E-01  0.            001000
  0.            0.            0.393641E+00 -0.388295E+01  0.            000100
  0.            0.            0.            0.            0.100000E+01  000010
  0.245798E+02  0.920727E+00  0.            0.            0.684083E+02  000001
 -0.173454E-04 -0.627130E-06  0.            0.           -0.739659E-04  200000
  0.101920E-03  0.105417E-03  0.            0.            0.173072E-03  110000
  0.            0.            0.136010E-04 -0.387548E-05  0.            101000
  0.            0.           -0.252638E-03 -0.213291E-03  0.            100100
  0.            0.            0.            0.            0.            100010
 -0.771529E-03 -0.460185E-02  0.            0.           -0.217621E-02  100001
 -0.256414E-03 -0.145768E-03  0.            0.           -0.764861E-02  020000
  0.            0.            0.257342E-04  0.159371E-03  0.            011000
  0.            0.           -0.338415E-02 -0.810427E-03  0.            010100
  0.            0.            0.            0.            0.            010010
  0.157692E+00  0.708488E-02  0.            0.            0.226400E-01  010001
 -0.119226E-04 -0.145815E-05  0.            0.           -0.764320E-04  002000
  0.873334E-04 -0.844043E-04  0.            0.            0.904029E-03  001100
  0.            0.            0.            0.            0.            001010
  0.            0.           -0.366789E-02 -0.107729E-01  0.            001001
 -0.385355E-02  0.764008E-03  0.            0.           -0.415046E-01  000200
  0.            0.            0.            0.            0.            000110
  0.            0.            0.388255E+00  0.922812E-01  0.            000101
  0.            0.            0.            0.            0.            000020
  0.            0.            0.            0.            0.            000011
 -0.105530E+00  0.584998E-01  0.            0.           -0.106249E+01  000002
 -0.218397E-06  0.348643E-06  0.            0.            0.443872E-06  300000
 -0.869348E-05  0.185688E-05  0.            0.            0.436641E-05  210000
  0.            0.           -0.569708E-06  0.311445E-05  0.            201000
  0.            0.           -0.205835E-04  0.276673E-05  0.            200100
  0.            0.            0.            0.            0.            200010
 -0.148321E-04 -0.416222E-05  0.            0.            0.205990E-05  200001
  0.683116E-04  0.286171E-04  0.            0.            0.163413E-04  120000
  0.            0.           -0.132419E-04  0.169921E-04  0.            111000
  0.            0.            0.471756E-03  0.199100E-03  0.            110100
  0.            0.            0.            0.            0.            110010
  0.419386E-03  0.101510E-03  0.            0.           -0.203718E-04  110001
 -0.120203E-05  0.133211E-05  0.            0.            0.183069E-05  102000
 -0.258592E-04  0.238706E-05  0.            0.            0.993037E-05  101100
  0.            0.            0.            0.            0.            101010
  0.            0.           -0.245557E-04 -0.761060E-05  0.            101001
  0.569800E-03  0.156521E-03  0.            0.            0.107810E-04  100200
  0.            0.            0.            0.            0.            100110
  0.            0.            0.153900E-02  0.466892E-03  0.            100101
  0.            0.            0.            0.            0.            100020
  0.            0.            0.            0.            0.            100011
  0.943182E-03  0.247538E-03  0.            0.            0.390986E-04  100002
 -0.543622E-03 -0.850946E-04  0.            0.            0.181255E-04  030000
  0.            0.            0.517920E-04  0.528052E-04  0.            021000
  0.            0.           -0.409223E-02 -0.107633E-02  0.            020100
  0.            0.            0.            0.            0.            020010
 -0.344379E-02 -0.749235E-03  0.            0.            0.214981E-03  020001
 -0.716166E-05  0.360478E-05  0.            0.            0.579867E-05  012000
  0.265837E-03  0.865741E-04  0.            0.            0.351675E-04  011100
  0.            0.            0.            0.            0.            011010
  0.            0.            0.299848E-03  0.923034E-04  0.            011001
 -0.967999E-02 -0.200233E-02  0.            0.            0.494419E-04  010200
  0.            0.            0.            0.            0.            010110
  0.            0.           -0.205243E-01 -0.611388E-02  0.            010101
  0.            0.            0.            0.            0.            010020
  0.            0.            0.            0.            0.            010011
 -0.112764E-01 -0.190304E-02  0.            0.           -0.230046E-03  010002
  0.            0.           -0.382181E-06  0.154706E-05  0.            003000
  0.            0.           -0.129167E-04  0.958528E-05  0.            002100
  0.            0.            0.            0.            0.            002010
 -0.589508E-05 -0.184268E-05  0.            0.            0.447875E-05  002001
  0.            0.            0.561743E-03  0.210063E-03  0.            001200
  0.            0.            0.            0.            0.            001110
  0.760137E-03  0.202720E-03  0.            0.           -0.221096E-03  001101
  0.            0.            0.            0.            0.            001020
  0.            0.            0.            0.            0.            001011
  0.            0.            0.150666E-02  0.542849E-03  0.            001002
  0.            0.           -0.125198E-01 -0.359560E-02  0.            000300
  0.            0.            0.            0.            0.            000210
 -0.245481E-01 -0.618447E-02  0.            0.            0.193540E-02  000201
  0.            0.            0.            0.            0.            000120
  0.            0.            0.            0.            0.            000111
  0.            0.           -0.411609E-01 -0.107994E-01  0.            000102
  0.            0.            0.            0.            0.            000030
  0.            0.            0.            0.            0.            000021
  0.            0.            0.            0.            0.            000012
 -0.104493E-01 -0.357511E-02  0.            0.            0.170360E-01  000003
-------------------------------------------------------------------------------
F10-F11
 -0.100693E+00 -0.215243E+00  0.            0.           -0.276822E+00  100000
  0.409722E+01 -0.117291E+01  0.            0.           -0.174530E+01  010000
  0.            0.            0.189270E+00 -0.368212E+00  0.            001000
  0.            0.            0.403997E+01 -0.257603E+01  0.            000100
  0.            0.            0.            0.            0.100000E+01  000010
  0.236590E+02  0.920727E+00  0.            0.            0.443332E+02  000001
 -0.611690E-05  0.416323E-05  0.            0.           -0.724474E-04  200000
  0.696542E-04 -0.474074E-04  0.            0.           -0.728229E-03  110000
  0.            0.           -0.358068E-04 -0.461097E-05  0.            101000
  0.            0.           -0.188803E-03 -0.218460E-03  0.            100100
  0.            0.            0.            0.            0.            100010
  0.127806E-01 -0.737937E-03  0.            0.            0.272427E-02  100001
 -0.500199E-03 -0.510403E-03  0.            0.           -0.511744E-02  020000
  0.            0.           -0.319410E-03  0.163365E-03  0.            011000
  0.            0.           -0.281174E-03 -0.313244E-03  0.            010100
  0.            0.            0.            0.            0.            010010
  0.653055E-01  0.207523E-01  0.            0.            0.174221E-01  010001
 -0.331623E-04 -0.108585E-05  0.            0.           -0.246638E-03  002000
 -0.470643E-03  0.949916E-04  0.            0.           -0.411947E-02  001100
  0.            0.            0.            0.            0.            001010
  0.            0.            0.214424E-01  0.540773E-02  0.            001001
 -0.290459E-02  0.588671E-03  0.            0.           -0.204454E-01  000200
  0.            0.            0.            0.            0.            000110
  0.            0.            0.165347E+00  0.855953E-01  0.            000101
  0.            0.            0.            0.            0.            000020
  0.            0.            0.            0.            0.            000011
 -0.154822E+00  0.584998E-01  0.            0.           -0.700946E+00  000002
 -0.355770E-06 -0.714427E-07  0.            0.            0.237609E-08  300000
 -0.110312E-04 -0.242710E-05  0.            0.           -0.766749E-08  210000
  0.            0.           -0.184261E-05 -0.727907E-06  0.            201000
  0.            0.           -0.173263E-04 -0.694525E-05  0.            200100
  0.            0.            0.            0.            0.            200010
 -0.216795E-04 -0.543147E-05  0.            0.            0.174383E-05  200001
 -0.119777E-03 -0.286790E-04  0.            0.           -0.578204E-06  120000
  0.            0.           -0.418918E-04 -0.168604E-04  0.            111000
  0.            0.           -0.395447E-03 -0.161315E-03  0.            110100
  0.            0.            0.            0.            0.            110010
 -0.499363E-03 -0.133799E-03  0.            0.            0.259097E-04  110001
 -0.428297E-05 -0.104622E-05  0.            0.            0.144397E-09  102000
 -0.807667E-04 -0.198630E-04  0.            0.           -0.117279E-06  101100
  0.            0.            0.            0.            0.            101010
  0.            0.           -0.930860E-04 -0.387283E-04  0.            101001
 -0.381992E-03 -0.944687E-04  0.            0.           -0.142266E-05  100200
  0.            0.            0.            0.            0.            100110
  0.            0.           -0.871821E-03 -0.366000E-03  0.            100101
  0.            0.            0.            0.            0.            100020
  0.            0.            0.            0.            0.            100011
 -0.719793E-03 -0.142205E-03  0.            0.           -0.502943E-04  100002
 -0.457049E-03 -0.123336E-03  0.            0.           -0.275773E-05  030000
  0.            0.           -0.261803E-03 -0.107807E-03  0.            021000
  0.            0.           -0.248161E-02 -0.103735E-02  0.            020100
  0.            0.            0.            0.            0.            020010
 -0.304793E-02 -0.930668E-03  0.            0.            0.177887E-03  020001
 -0.498736E-04 -0.142228E-04  0.            0.            0.253700E-06  012000
 -0.944694E-03 -0.271266E-03  0.            0.            0.294247E-05  011100
  0.            0.            0.            0.            0.            011010
  0.            0.           -0.130065E-02 -0.554443E-03  0.            011001
 -0.448691E-02 -0.129778E-02  0.            0.            0.153334E-05  010200
  0.            0.            0.            0.            0.            010110
  0.            0.           -0.123074E-01 -0.527907E-02  0.            010101
  0.            0.            0.            0.            0.            010020
  0.            0.            0.            0.            0.            010011
 -0.936669E-02 -0.273903E-02  0.            0.           -0.207127E-03  010002
  0.            0.           -0.448166E-05 -0.174071E-05  0.            003000
  0.            0.           -0.125379E-03 -0.505025E-04  0.            002100
  0.            0.            0.            0.            0.            002010
 -0.114076E-03 -0.381062E-04  0.            0.            0.909816E-05  002001
  0.            0.           -0.118121E-02 -0.486233E-03  0.            001200
  0.            0.            0.            0.            0.            001110
 -0.217671E-02 -0.731959E-03  0.            0.            0.196673E-03  001101
  0.            0.            0.            0.            0.            001020
  0.            0.            0.            0.            0.            001011
  0.            0.           -0.217093E-02 -0.830926E-03  0.            001002
  0.            0.           -0.373128E-02 -0.155947E-02  0.            000300
  0.            0.            0.            0.            0.            000210
 -0.103742E-01 -0.352932E-02  0.            0.            0.109874E-02  000201
  0.            0.            0.            0.            0.            000120
  0.            0.            0.            0.            0.            000111
  0.            0.           -0.222349E-01 -0.899946E-02  0.            000102
  0.            0.            0.            0.            0.            000030
  0.            0.            0.            0.            0.            000021
  0.            0.            0.            0.            0.            000012
 -0.641153E-02 -0.357511E-02  0.            0.            0.114583E-01  000003
-------------------------------------------------------------------------------
F10-F11+1m
 -0.315936E+00 -0.215243E+00  0.            0.           -0.276822E+00  100000
  0.292431E+01 -0.117291E+01  0.            0.           -0.174530E+01  010000
  0.            0.           -0.178942E+00 -0.368212E+00  0.            001000
  0.            0.            0.146394E+01 -0.257603E+01  0.            000100
  0.            0.            0.            0.            0.100000E+01  000010
  0.245798E+02  0.920727E+00  0.            0.            0.479312E+02  000001
 -0.195367E-05  0.416323E-05  0.            0.           -0.852731E-04  200000
  0.222468E-04 -0.474074E-04  0.            0.           -0.868009E-03  110000
  0.            0.           -0.404178E-04 -0.461097E-05  0.            101000
  0.            0.           -0.407264E-03 -0.218460E-03  0.            100100
  0.            0.            0.            0.            0.            100010
  0.141951E-01 -0.737937E-03  0.            0.            0.283400E-02  100001
 -0.101060E-02 -0.510403E-03  0.            0.           -0.549829E-02  020000
  0.            0.           -0.156045E-03  0.163365E-03  0.            011000
  0.            0.           -0.594418E-03 -0.313244E-03  0.            010100
  0.            0.            0.            0.            0.            010010
  0.977869E-01  0.207523E-01  0.            0.            0.180200E-01  010001
 -0.342481E-04 -0.108585E-05  0.            0.           -0.284172E-03  002000
 -0.375652E-03  0.949916E-04  0.            0.           -0.464464E-02  001100
  0.            0.            0.            0.            0.            001010
  0.            0.            0.305322E-01  0.540773E-02  0.            001001
 -0.231592E-02  0.588671E-03  0.            0.           -0.222825E-01  000200
  0.            0.            0.            0.            0.            000110
  0.            0.            0.276702E+00  0.855953E-01  0.            000101
  0.            0.            0.            0.            0.            000020
  0.            0.            0.            0.            0.            000011
 -0.105530E+00  0.584998E-01  0.            0.           -0.755150E+00  000002
 -0.432199E-06 -0.714427E-07  0.            0.            0.287224E-08  300000
 -0.135398E-04 -0.242710E-05  0.            0.           -0.106136E-07  210000
  0.            0.           -0.257905E-05 -0.727907E-06  0.            201000
  0.            0.           -0.243313E-04 -0.694525E-05  0.            200100
  0.            0.            0.            0.            0.            200010
 -0.270886E-04 -0.543147E-05  0.            0.            0.199362E-05  200001
 -0.148900E-03 -0.286790E-04  0.            0.           -0.669817E-06  120000
  0.            0.           -0.588451E-04 -0.168604E-04  0.            111000
  0.            0.           -0.557412E-03 -0.161315E-03  0.            110100
  0.            0.            0.            0.            0.            110010
 -0.631991E-03 -0.133799E-03  0.            0.            0.316318E-04  110001
 -0.534378E-05 -0.104622E-05  0.            0.           -0.925042E-09  102000
 -0.100834E-03 -0.198630E-04  0.            0.           -0.157072E-06  101100
  0.            0.            0.            0.            0.            101010
  0.            0.           -0.131695E-03 -0.387283E-04  0.            101001
 -0.477175E-03 -0.944687E-04  0.            0.           -0.166409E-05  100200
  0.            0.            0.            0.            0.            100110
  0.            0.           -0.123513E-02 -0.366000E-03  0.            100101
  0.            0.            0.            0.            0.            100020
  0.            0.            0.            0.            0.            100011
 -0.883411E-03 -0.142205E-03  0.            0.           -0.458540E-04  100002
 -0.581193E-03 -0.123336E-03  0.            0.           -0.308919E-05  030000
  0.            0.           -0.369864E-03 -0.107807E-03  0.            021000
  0.            0.           -0.352073E-02 -0.103735E-02  0.            020100
  0.            0.            0.            0.            0.            020010
 -0.397159E-02 -0.930668E-03  0.            0.            0.201716E-03  020001
 -0.641759E-04 -0.142228E-04  0.            0.            0.286300E-06  012000
 -0.121707E-02 -0.271266E-03  0.            0.            0.317330E-05  011100
  0.            0.            0.            0.            0.            011010
  0.            0.           -0.185633E-02 -0.554443E-03  0.            011001
 -0.578857E-02 -0.129778E-02  0.            0.            0.146885E-05  010200
  0.            0.            0.            0.            0.            010110
  0.            0.           -0.175806E-01 -0.527907E-02  0.            010101
  0.            0.            0.            0.            0.            010020
  0.            0.            0.            0.            0.            010011
 -0.124701E-01 -0.273903E-02  0.            0.           -0.195560E-03  010002
  0.            0.           -0.624733E-05 -0.174071E-05  0.            003000
  0.            0.           -0.176405E-03 -0.505025E-04  0.            002100
  0.            0.            0.            0.            0.            002010
 -0.152109E-03 -0.381062E-04  0.            0.            0.111958E-04  002001
  0.            0.           -0.167110E-02 -0.486233E-03  0.            001200
  0.            0.            0.            0.            0.            001110
 -0.290874E-02 -0.731959E-03  0.            0.            0.235704E-03  001101
  0.            0.            0.            0.            0.            001020
  0.            0.            0.            0.            0.            001011
  0.            0.           -0.310487E-02 -0.830926E-03  0.            001002
  0.            0.           -0.529929E-02 -0.155947E-02  0.            000300
  0.            0.            0.            0.            0.            000210
 -0.139063E-01 -0.352932E-02  0.            0.            0.126920E-02  000201
  0.            0.            0.            0.            0.            000120
  0.            0.            0.            0.            0.            000111
  0.            0.           -0.324328E-01 -0.899946E-02  0.            000102
  0.            0.            0.            0.            0.            000030
  0.            0.            0.            0.            0.            000021
  0.            0.            0.            0.            0.            000012
 -0.104493E-01 -0.357511E-02  0.            0.            0.122712E-01  000003
-------------------------------------------------------------------------------
