Ref. Par.:   286   90
Brho89: 7.8423 Tm
Brho9M: 7.8423 Tm
BrhoMT: 7.8423 Tm
BrhoTE: 7.8423 Tm
                                      unit: mm,mrad,dp/p(%)
F8-F9
 -0.158119E+01 -0.240917E+00  0.            0.           -0.170615E-01  100000
  0.247846E+01 -0.254805E+00  0.            0.            0.114572E+01  010000
  0.            0.           -0.388811E+01 -0.506572E+00  0.            001000
  0.            0.            0.109695E+01 -0.114276E+00  0.            000100
  0.            0.            0.            0.            0.100000E+01  000010
 -0.315478E+02 -0.499917E+01  0.            0.            0.423292E+02  000001
-------------------------------------------------------------------------------
F8-F9.5
 -0.205394E+01  0.678555E-02  0.            0.           -0.170615E-01  100000
 -0.662765E-01 -0.486651E+00  0.            0.            0.114572E+01  010000
  0.            0.           -0.563968E+01  0.132096E-01  0.            001000
  0.            0.            0.389387E+00 -0.178227E+00  0.            000100
  0.            0.            0.            0.            0.100000E+01  000010
 -0.419796E+02 -0.942620E-02  0.            0.            0.619310E+02  000001
-------------------------------------------------------------------------------
F8-F10
 -0.150726E+01  0.246977E+00  0.            0.           -0.170615E-01  100000
 -0.257935E+01 -0.240808E+00  0.            0.            0.114572E+01  010000
  0.            0.           -0.377008E+01  0.530194E+00  0.            001000
  0.            0.           -0.567757E+00 -0.185401E+00  0.            000100
  0.            0.            0.            0.            0.100000E+01  000010
 -0.315762E+02  0.497218E+01  0.            0.            0.815329E+02  000001
-------------------------------------------------------------------------------
F8-F11
  0.998106E+00 -0.259132E-01  0.            0.           -0.310455E-01  100000
  0.632869E-01  0.100025E+01  0.            0.            0.229456E+01  010000
  0.            0.            0.101075E+01 -0.153119E+00  0.            001000
  0.            0.           -0.137471E+00  0.101019E+01  0.            000100
  0.            0.            0.            0.            0.100000E+01  000010
  0.408708E+02 -0.506495E+00  0.            0.            0.123926E+03  000001
-------------------------------------------------------------------------------
F8-F11+1m
  0.972193E+00 -0.259132E-01  0.            0.           -0.310455E-01  100000
  0.106354E+01  0.100025E+01  0.            0.            0.229456E+01  010000
  0.            0.            0.857634E+00 -0.153119E+00  0.            001000
  0.            0.            0.872716E+00  0.101019E+01  0.            000100
  0.            0.            0.            0.            0.100000E+01  000010
  0.403643E+02 -0.506495E+00  0.            0.            0.127365E+03  000001
-------------------------------------------------------------------------------
F9-F9.5
  0.507387E+00 -0.118972E+00  0.            0.            0.            100000
  0.519540E+01  0.752669E+00  0.            0.            0.            010000
  0.            0.            0.841732E+00 -0.917943E-01  0.            001000
  0.            0.            0.467246E+01  0.678476E+00  0.            000100
  0.            0.            0.            0.            0.100000E+01  000010
  0.            0.            0.            0.            0.196019E+02  000001
-------------------------------------------------------------------------------
F9-F10
 -0.237352E+00 -0.120946E+00  0.            0.            0.            100000
  0.781414E+01 -0.231359E+00  0.            0.            0.            010000
  0.            0.            0.143220E+00 -0.154507E+00  0.            001000
  0.            0.            0.634309E+01  0.139266E+00  0.            000100
  0.            0.            0.            0.            0.100000E+01  000010
  0.            0.            0.            0.            0.392037E+02  000001
-------------------------------------------------------------------------------
F9-F11
 -0.239076E+00  0.247582E+00  0.            0.            0.280339E+00  100000
 -0.257384E+01 -0.151737E+01  0.            0.           -0.178187E+01  010000
  0.            0.           -0.185144E+00  0.529230E+00  0.            001000
  0.            0.           -0.574241E+00 -0.375975E+01  0.            000100
  0.            0.            0.            0.            0.100000E+01  000010
  0.204615E+02 -0.281413E+00  0.            0.            0.815329E+02  000001
-------------------------------------------------------------------------------
F9-F11+1m
  0.850560E-02  0.247582E+00  0.            0.            0.280339E+00  100000
 -0.409120E+01 -0.151737E+01  0.            0.           -0.178187E+01  010000
  0.            0.            0.344086E+00  0.529230E+00  0.            001000
  0.            0.           -0.433399E+01 -0.375975E+01  0.            000100
  0.            0.            0.            0.            0.100000E+01  000010
  0.201801E+02 -0.281413E+00  0.            0.            0.849718E+02  000001
-------------------------------------------------------------------------------
F9.5-F10
  0.751013E+00 -0.118557E+00  0.            0.            0.            100000
  0.519793E+01  0.510973E+00  0.            0.            0.            010000
  0.            0.            0.679431E+00 -0.920458E-01  0.            001000
  0.            0.            0.466999E+01  0.839154E+00  0.            000100
  0.            0.            0.            0.            0.100000E+01  000010
  0.            0.            0.            0.            0.196019E+02  000001
-------------------------------------------------------------------------------
F9.5-F11
 -0.486159E+00  0.582342E-02  0.            0.           -0.990180E-03  100000
 -0.638363E-01 -0.205618E+01  0.            0.           -0.236057E+01  010000
  0.            0.           -0.178328E+00  0.139457E-01  0.            001000
  0.            0.            0.381720E+00 -0.563751E+01  0.            000100
  0.            0.            0.            0.            0.100000E+01  000010
  0.204615E+02 -0.281413E+00  0.            0.            0.619310E+02  000001
-------------------------------------------------------------------------------
F9.5-F11+1m
 -0.480335E+00  0.582342E-02  0.            0.           -0.990180E-03  100000
 -0.212001E+01 -0.205618E+01  0.            0.           -0.236057E+01  010000
  0.            0.           -0.164382E+00  0.139457E-01  0.            001000
  0.            0.           -0.525579E+01 -0.563751E+01  0.            000100
  0.            0.            0.            0.            0.100000E+01  000010
  0.201801E+02 -0.281413E+00  0.            0.            0.653700E+02  000001
-------------------------------------------------------------------------------
F10-F11
 -0.255982E+00 -0.240799E+00  0.            0.           -0.280369E+00  100000
  0.247908E+01 -0.157449E+01  0.            0.           -0.176767E+01  010000
  0.            0.           -0.114509E+00 -0.507207E+00  0.            001000
  0.            0.            0.109214E+01 -0.389542E+01  0.            000100
  0.            0.            0.            0.            0.100000E+01  000010
  0.204615E+02 -0.281413E+00  0.            0.            0.423292E+02  000001
-------------------------------------------------------------------------------
F10-F11+1m
 -0.496781E+00 -0.240799E+00  0.            0.           -0.280369E+00  100000
  0.904592E+00 -0.157449E+01  0.            0.           -0.176767E+01  010000
  0.            0.           -0.621715E+00 -0.507207E+00  0.            001000
  0.            0.           -0.280328E+01 -0.389542E+01  0.            000100
  0.            0.            0.            0.            0.100000E+01  000010
  0.201801E+02 -0.281413E+00  0.            0.            0.457681E+02  000001
-------------------------------------------------------------------------------
