-1000.00, 1000.00,
-1000.00, 1000.00,
-1000.00, 1000.00,
-1000.00, 1000.00,
-1000.00, 1000.00,
-1000.00, 1000.00,
  107.94,  118.67,
  126.40,  138.42,
-1000.00, 1000.00,
  114.38,  127.26,
  144.00,  157.74,
  175.54,  187.56,
  140.34,  155.37,
-1000.00, 1000.00,
  150.44,  163.32,
  187.77,  205.37,
   56.55,   68.78,
   53.42,   64.58,
  200.79,  230.10,
  168.00,  184.62,
  193.63,  223.37,
  190.92,  210.08,
  489.48,  504.08,
  488.62,  504.51,
  493.35,  508.37,
  490.77,  504.94,
-1000.00, 1000.00,
-1000.00, 1000.00,
-1000.00, 1000.00,
-1000.00, 1000.00,
 -142.69, -126.38,
 -140.42, -123.65,
 -168.59, -151.71,
 -184.18, -169.74,
