-1000.00,   1000.00,
-1000.00,   1000.00,
-1000.00,   1000.00,
-1000.00,   1000.00,
-1000.00,   1000.00,
-1000.00,   1000.00,
   37.34,     49.36,
   68.88,     79.18,
-1000.00,  -1000.00,
   46.18,     59.06,
   96.78,    108.80,
   79.18,     95.06,
   79.18,     90.34,
-1000.00,  -1000.00,
   73.17,     87.34,
   92.06,    108.80,
   65.87,     80.04,
   68.02,     81.33,
  125.97,    146.15,
  101.07,    115.67,
  110.52,    128.12,
  107.08,    120.82,
  428.55,    441.86,
  419.10,    437.13,
  467.59,    486.48,
  434.33,    448.50,
-1000.00,   1000.00,
-1000.00,   1000.00,
-1000.00,   1000.00,
-1000.00,   1000.00,
 -219.96,   -200.21,
 -220.39,   -205.80,
 -249.03,   -233.58,
 -265.44,   -251.28,


 
