     1.788     1.873     1.868     1.883     1.989
     1.380     1.710     1.486     1.815     1.815
     1.674     1.762     1.653     1.660     1.815
     1.703     1.815     1.648     1.474     2.018
     1.477     1.659     2.051     1.769     1.638
     1.665     1.769     1.781     1.909     1.641
     1.698     1.950     1.873     1.607     1.760
     1.702     1.967     1.815     1.796     1.755
     1.915     1.606     2.050     1.855     1.683
     1.644     1.596     1.649     1.877     1.864
     1.700     1.828     1.839     1.826     2.014
     1.810     2.218     1.937     1.955     2.050
     1.998     1.836     2.057     2.276     1.843
     3.060     1.731     1.746     1.704     1.719
     1.663     1.757     1.748     1.790     1.992
     1.890     1.636     1.698     1.859     1.849
     1.850     1.819     1.763     1.929     1.692
     2.072     1.882     1.931     1.759     1.952
     1.489     1.765     1.847     1.747     1.767
     1.744     1.913     1.869     1.712     1.786
     1.792     1.847     1.965     1.749     2.015
     1.762     1.957     1.857     1.937     1.777
     1.902     1.776     1.975     1.824     1.832
     1.979     1.686     1.890     2.010     1.820
     1.905     1.994     1.765     1.829     1.945
     2.055     2.031     2.046     2.081     1.931
     2.158     1.883     2.047     1.923     1.950
     2.064     1.914     2.099     1.993     2.027
     1.963     2.032     1.960     1.903     1.795
     1.799     1.789     1.512     1.478     1.662
     1.745     2.019     1.834     1.502     1.705
     1.955     1.807     1.651     1.719     2.135
     1.402     1.431     1.878     1.984     1.757
     1.959     1.845     1.857     1.783     1.670
     1.584     1.711     1.731     1.615     1.847
     1.750     1.912     1.912     1.887     1.697
     2.037     1.799     1.866     1.708     1.925
     1.996