     2.227     1.563     2.293     2.160     2.229
     2.138     2.183     2.193     2.203     2.217
     2.373     2.212     2.230     2.429     2.517
     2.310     2.170     2.135     2.508     2.360
     2.076     2.308     1.998     2.070     2.077
     2.117     2.285     2.218     2.193     2.432
     2.147     2.374     2.116     2.037     2.159
     2.199     2.188     2.135     2.200     2.369
     2.104     2.237     2.537     2.206     0.000
     0.000     2.356     2.158     2.314     2.205
     2.318     2.307     2.289     0.000     1.150
     1.944     2.578     2.380     2.284     2.218
     2.429     2.191     2.177     2.393     2.474
     2.244     2.175     2.284     2.736     2.612
     2.408     2.146     2.437     2.450     2.388
     2.442     2.260     2.672     2.279     2.109
     2.186     2.272     2.323     2.737     2.296
     2.291     2.373     2.317     2.412     2.361
     2.241     2.461     2.299     2.328     2.320
     2.460     2.302     2.288     2.251     2.296
     2.378     2.434     2.338     2.273     2.333
     2.434     2.338     2.281     2.297     2.375
     2.275     2.378     2.447     2.372     2.309
     2.365     2.422     2.328     2.469     2.243
     2.362     2.392     2.386     2.307     2.404
     2.279     2.360     2.376     2.339     2.335
     2.267     2.408     2.315     2.306     2.333
     2.231     2.329     2.348     2.298     2.391
     2.382     2.118     2.358     2.283     2.317
     2.305     2.311     2.365     2.263     2.356
     2.373     2.318     2.238     2.332     2.254
     2.281     2.321     2.371     2.205     2.282
     0.149     2.386     2.283     2.466     2.310
     2.418     2.055     2.316     2.398     2.341
     1.000     1.000     1.000     1.000     1.000
     1.000     1.000     1.000     1.000     1.000
     1.000     1.000

