     1.868     2.076     1.938     1.908     2.148
     1.493     1.838     1.497     1.969     2.328
     1.702     1.759     1.788     1.680     2.257
     1.811     2.219     1.665     1.467     2.053
     1.501     1.660     2.049     1.854     1.606
     1.679     1.827     2.016     1.952     1.670
     1.746     2.042     1.925     1.644     1.731
     1.766     2.024     1.865     1.836     1.820
     1.936     1.643     2.093     1.858     1.714
     1.695     1.643     1.592     1.926     1.879
     1.735     1.868     1.866     1.881     2.066
     1.877     2.134     2.079     2.023     2.071
     2.042     1.840     2.046     2.302     1.879
     3.131     1.723     1.739     1.669     1.690
     1.641     1.761     1.706     1.779     1.992
     1.859     1.520     1.683     1.826     1.812
     1.855     1.827     1.722     1.953     1.676
     2.094     1.858     1.938     1.767     1.975
     1.507     1.785     1.834     1.748     1.759
     1.779     1.905     1.833     1.736     1.784
     1.872     1.859     1.936     1.763     2.044
     1.792     2.047     1.891     1.988     1.671
     1.910     1.821     1.942     1.829     1.868
     2.100     1.733     1.924     2.036     1.794
     1.920     1.989     1.805     1.880     2.020
     2.113     2.217     2.164     2.118     1.993
     0.878     1.990     1.410     1.945     0.824
     2.013     2.007     2.258     2.024     2.015
     1.908     2.128     2.023     1.981     1.801
     1.812     1.874     1.580     1.531     1.682
     1.789     2.142     1.872     1.502     1.660
     2.015     1.906     1.684     1.736     2.231
     1.450     1.528     1.990     2.038     1.817
     1.989     1.902     2.036     1.830     1.741
     1.636     1.720     1.743     1.983     1.858
     1.861     1.973     1.720     2.155     1.873
     2.012     1.838     1.898     1.785     1.887
     2.072