     1.241     1.385     1.994     2.054     2.104
     1.354     1.770     1.580     1.832     2.092
     1.699     1.826     1.709     1.683     2.177
     1.711     2.138     1.675     1.477     2.071
     1.514     1.671     2.052     1.814     1.602
     1.712     1.773     1.858     2.012     1.700
     1.750     2.078     1.920     1.664     1.775
     1.758     2.029     1.864     1.844     1.833
     1.948     1.635     2.102     1.864     1.725
     1.703     1.641     1.614     1.924     1.945
     1.745     1.894     1.881     1.901     2.070
     1.895     2.178     2.081     2.016     2.052
     2.014     1.866     2.108     2.174     1.897
     2.824     1.735     1.753     1.680     1.692
     1.631     1.774     1.709     1.797     1.992
     1.862     1.535     1.686     1.852     1.825
     1.875     1.872     1.739     1.976     1.696
     2.113     1.867     1.954     1.788     1.988
     1.530     1.800     1.851     1.759     1.783
     1.825     1.935     1.876     1.773     1.813
     1.931     1.879     1.974     1.798     2.069
     1.792     2.068     1.925     2.063     1.727
     1.931     1.877     1.983     1.875     1.916
     2.148     1.776     1.976     2.062     1.829
     1.961     2.043     1.794     1.938     1.318
     2.152     2.238     2.171     2.122     1.998
     1.396     1.981     1.132     1.994     1.890
     2.073     2.008     2.312     2.037     2.057
     1.930     2.155     2.023     2.006     1.836
     1.838     1.896     1.587     1.548     1.727
     1.875     2.198     1.882     1.515     1.718
     2.043     1.888     1.773     1.821     2.241
     1.496     1.595     2.059     2.058     1.862
     2.078     2.032     2.108     1.878     1.853
     1.660     1.760     1.782     2.026     1.886
     1.940     2.010     1.770     2.378     2.063
     2.118     1.968     1.973     1.889     1.956
     2.212