     2.004     1.909     1.842     1.871     1.976
     1.372     1.708     1.493     1.829     2.045
     1.710     1.774     1.650     1.655     2.089
     1.713     2.115     1.676     1.475     2.030
     1.477     1.654     2.050     1.759     1.618
     1.698     1.779     1.811     1.929     1.635
     1.705     1.973     1.887     1.636     1.730
     1.732     2.013     1.834     1.812     1.754
     1.918     1.611     2.062     1.850     1.701
     1.662     1.621     1.642     1.897     1.874
     1.708     1.825     1.839     1.846     2.019
     1.827     2.158     2.001     1.975     2.038
     2.007     1.833     2.043     2.291     1.854
     3.108     1.730     1.739     1.692     1.710
     1.663     1.758     1.735     1.787     2.002
     1.884     1.594     1.690     1.836     1.835
     1.833     1.801     1.745     1.923     1.685
     2.081     1.870     1.931     1.764     1.956
     1.495     1.769     1.826     1.747     1.763
     1.730     1.909     1.839     1.702     1.760
     1.812     1.853     1.939     1.735     2.017
     1.741     1.971     1.855     1.933     1.724
     1.896     1.780     1.964     1.822     1.840
     2.003     1.681     1.879     2.007     1.779
     1.884     1.983     1.814     1.825     1.958
     2.051     2.097     2.151     2.090     1.950
     2.134     1.923     2.180     1.900     1.944
     2.010     1.977     2.241     2.015     2.009
     1.950     2.064     1.995     1.941     1.789
     1.794     1.811     1.558     1.503     1.656
     1.741     2.054     1.854     1.507     1.673
     1.976     1.851     1.647     1.718     2.181
     1.430     1.428     1.889     2.024     1.773
     1.960     1.820     1.944     1.795     1.674
     1.623     1.708     1.742     1.848     1.852
     1.751     1.942     1.724     1.891     1.694
     2.038     1.801     1.871     1.718     1.924
     2.033
