  5.7251    8.6134    4.7472    5.11925   5.04599   
  4.55649   4.93528   4.45987   5.77693   4.99281   
  5.28242   4.80164   3.64598   5.26434   5.46843   
  4.89408   4.58635   4.46837   5.28242   4.91924   
  4.38133   4.85859   4.85281   4.54479   4.43331   
  4.40645   4.8348    4.69916   4.68789   5.27085   
  4.57182   5.33409   4.52746   4.28095   4.84154   
  4.67481   4.71594   4.58209   4.55251   4.78474   
  4.47925   4.58814   5.02814   4.64035   4.63393   
  4.83331   5.02949   4.3553    4.93347   4.67784   
  5.01336   4.91563   4.94961   5.20446   4.95379   
  4.31245   5.1254    5.45064   5.28272   4.9301   
  5.50211   4.66527   4.48096   5.15583   5.20677   
  4.60572   4.91614   5.14424   5.27026   6.23339   
  4.79158   4.8152    5.01015   5.31595   5.13494   
  5.42009   4.87932   5.58001   4.68087   4.83032  
  5.62653   4.83455   5.07878   5.19696   5.1417   
  4.94752   5.02383   4.9056    5.19035   5.06972   
  4.83181   5.45285   4.95248   5.01926   5.02464   
  5.12344   4.96717   4.79673   5.56313   4.88796   
  5.17603   5.00454   5.07466   4.99095   5.14283   
  5.41071   5.06097   5.02356   4.9976    5.13719   
  4.92259   5.21488   5.20504   5.20764   5.04762   
  5.18834   5.17232   5.05306   5.36675   4.91254   
  5.13382   5.25049   5.35755   4.95562   5.27589   
  5.00587   5.23467   5.27085   5.06343   5.14649   
  5.03814   5.20186   5.20013   5.05007   5.16292   
  4.89434   5.14791   0.0000    5.1598    5.38153   
  5.32259   4.86288   5.13691   5.04545   5.00881   
  5.03543   4.95274   5.25196   5.1145    5.28778   
  5.28183   5.12037   4.94908   4.99149   4.7884   
  5.38523   5.38369   5.06425   4.69023   5.30333   
  5.00027   5.46811   5.24022   5.6       5.03516   
  5.16747   4.45331   5.11925   5.42103   5.08071       
  0.000     0.000     0.000     0.000     0.000
  0.000     0.000     0.000     0.000     0.000
  0.000     0.000     0.000     0.000     0.000
  0.000     



