     0.797     2.722     2.261     2.256     2.176
     2.121     2.162     2.105     2.340     2.215
     2.291     2.120     2.912     2.458     2.500
     2.299     2.140     2.103     2.491     2.325
     2.105     2.220     2.122     2.186     2.115
     2.080     2.273     2.215     2.211     2.444
     2.196     2.402     2.146     1.974     2.190
     2.197     2.255     2.160     2.082     2.278
     2.131     2.291     2.474     2.191     1.000
     1.000     2.381     2.121     2.395     2.188
     2.318     2.326     2.331     2.454     2.478
     2.040     2.338     2.361     2.318     2.256
     2.438     2.103     2.144     2.392     2.587
     2.228     2.134     2.235     2.639     2.742
     2.298     2.163     2.393     2.505     2.427
     2.458     2.357     2.655     2.325     2.127
     2.701     2.265     2.356     2.463     2.325
     2.303     2.381     2.315     2.412     2.377
     2.254     2.443     2.314     2.330     2.338
     2.463     2.309     2.301     2.645     2.311
     2.390     2.420     2.337     2.281     2.350
     2.468     2.334     2.314     2.323     2.393
     2.273     2.411     2.424     2.394     2.313
     2.386     2.416     2.328     2.482     2.247
     2.382     2.419     2.411     2.335     2.425
     2.306     2.385     2.392     2.342     2.355
     2.283     2.411     2.333     2.316     2.349
     2.253     2.352     2.357     2.317     2.407
     2.407     2.122     2.359     2.295     2.344
     2.330     2.340     2.400     2.266     2.374
     2.406     2.341     2.244     2.360     2.280
     2.303     2.338     2.372     2.202     2.313
     2.266     2.413     2.281     2.470     2.310
     2.407     2.063     2.319     2.444     2.366
     0.000     0.000     0.000     0.000     0.000
     0.000     0.000     0.000     0.000     0.000
     0.000     0.000