     2.101     1.957     1.957     2.012     2.093
     1.381     1.772     1.582     1.850     2.143
     1.702     1.829     1.719     1.677     2.165
     1.704     2.154     1.689     1.482     2.075
     1.505     1.670     2.059     1.825     1.586
     1.713     1.806     1.865     2.023     1.669
     1.747     2.068     1.920     1.667     1.725
     1.761     2.032     1.896     1.853     1.808
     1.951     1.644     2.106     1.867     1.729
     1.704     1.634     1.595     1.925     1.935
     1.752     1.888     1.888     1.897     2.056
     1.890     2.157     2.085     2.008     2.029
     2.026     1.861     2.092     2.185     1.892
     2.839     1.719     1.752     1.680     1.686
     1.632     1.776     1.715     1.787     1.992
     1.863     1.506     1.685     1.840     1.822
     1.861     1.850     1.730     1.976     1.688
     2.110     1.861     1.956     1.786     1.976
     1.517     1.800     1.839     1.762     1.783
     1.832     1.934     1.849     1.767     1.814
     1.920     1.870     1.950     1.767     2.067
     1.776     2.088     1.935     2.073     1.677
     1.927     1.878     1.971     1.869     1.916
     2.140     1.760     1.944     2.073     1.803
     1.944     2.044     1.805     1.949     2.038
     2.187     2.245     2.232     2.525     2.020
     2.180     2.059    -2.065     2.066     1.868
     2.050     2.047     2.337     2.107     2.061
     1.921     2.194     2.033     2.036     1.842
     1.838     1.916     1.621     1.574     1.731
     1.879     2.216     1.911     1.520     1.693
     2.066     1.879     1.784     1.820     2.259
     1.524     1.589     2.073     2.083     1.894
     2.089     2.012     2.146     1.891     1.860
     1.682     1.755     1.784     2.080     1.883
     1.909     2.026     1.764     2.416     2.120
     2.109     2.021     2.012     1.899     1.953
     2.199
