     1.689     1.938     1.881     1.893     1.987
     1.402     1.721     1.477     1.835     2.063
     1.697     1.789     1.652     1.645     2.119
     1.728     2.103     1.638     1.462     2.029
     1.477     1.652     2.043     1.759     1.618
     1.692     1.763     1.830     1.922     1.622
     1.713     1.982     1.894     1.610     1.755
     1.739     2.000     1.806     1.815     1.770
     1.924     1.609     2.061     1.850     1.680
     1.662     1.619     1.623     1.899     1.887
     1.718     1.842     1.851     1.864     2.029
     1.834     2.175     1.998     1.994     2.051
     2.006     1.838     2.068     2.211     1.856
     2.741     1.726     1.736     1.688     1.699
     1.661     1.751     1.735     1.774     1.997
     1.881     1.576     1.688     1.827     1.832
     1.825     1.797     1.741     1.928     1.683
     2.076     1.869     1.930     1.758     1.928
     1.482     1.761     1.819     1.746     1.763
     1.725     1.896     1.815     1.698     1.752
     1.788     1.846     1.935     1.717     2.010
     1.723     1.972     1.857     1.929     1.708
     1.899     1.774     1.952     1.819     1.841
     1.984     1.669     1.836     2.004     1.761
     1.873     1.985     1.803     1.877     1.935
     2.077     2.109     2.081     2.111     1.947
     2.148     1.937     2.170     1.923     1.939
     2.011     1.966     2.271     2.021     2.026
     1.942     2.059     1.969     1.921     1.778
     1.790     1.803     1.559     1.491     1.643
     1.743     2.035     1.860     1.518     1.674
     1.979     1.850     1.643     1.717     2.188
     1.425     1.419     1.880     2.024     1.775
     1.951     1.813     1.953     1.792     1.672
     1.624     1.708     1.748     1.847     1.841
     1.738     1.931     1.725     1.888     1.689
     2.042     1.793     1.869     1.719     1.923
     2.034