     0.986     0.000     2.013     2.109     2.119
     1.413     1.790     1.612     1.821     2.126
     1.736     1.853     1.687     1.692     2.159
     1.700     2.136     1.698     1.478     2.088
     1.509     1.668     2.054     1.794     1.598
     1.716     1.770     1.847     1.998     1.692
     1.746     2.062     1.907     1.655     1.790
     1.754     2.021     1.851     1.838     1.821
     1.941     1.623     2.093     1.857     1.709
     1.688     1.629     1.601     1.910     1.936
     1.735     1.874     1.872     1.889     2.051
     1.869     2.187     2.043     2.001     2.055
     2.005     1.861     2.106     2.160     1.873
     2.807     1.739     1.740     1.674     1.679
     1.628     1.755     1.695     1.781     1.979
     1.853     1.522     1.670     1.835     1.809
     1.845     1.840     1.718     1.942     1.676
     2.094     1.858     1.928     1.768     1.959
     1.501     1.780     1.833     1.743     1.754
     1.770     1.893     1.829     1.731     1.768
     1.860     1.853     1.925     1.746     2.032
     1.758     2.009     1.878     1.978     1.685
     1.903     1.809     1.942     1.820     1.868
     2.087     1.720     1.901     2.017     1.772
     1.899     1.981     1.784     0.860     2.042
     0.805     2.192     2.144     2.098     1.964
     1.022     1.940     1.162     1.943     1.866
     2.033     1.967     2.256     2.024     2.014
     1.885     2.108     1.998     1.964     1.788
     1.806     1.851     1.561     1.505     1.666
     1.792     2.147     1.848     1.497     1.672
     1.987     1.868     1.692     1.742     2.205
     1.452     1.524     1.985     2.019     1.816
     1.995     1.939     2.034     1.827     1.762
     1.618     1.718     1.746     1.959     1.857
     1.882     1.954     1.731     2.243     1.916
     2.029     1.869     1.921     1.828     1.897
     2.116