   406.998     0.000  -180.999  -246.570  -226.989
   -82.116  -130.024  -180.448  -164.627  -150.940
  -193.462  -226.064  -156.429  -173.275  -234.698
  -157.720  -217.444  -155.966  -177.893  -242.933
  -177.337  -218.641  -200.456  -124.449  -195.291
  -233.522  -162.797  -167.991  -239.059  -192.466
  -227.813  -205.916  -132.516  -154.212  -155.700
  -164.212  -208.852  -130.522  -159.020  -148.478
  -156.336  -136.040  -175.267  -170.011  -137.412
  -164.307  -212.262  -142.636  -194.693  -172.691
  -204.614  -175.729  -185.543  -202.449  -211.047
  -183.825  -264.318  -212.936  -224.065  -242.322
  -236.170  -153.781  -232.602  -411.003  -188.968
  -980.057  -132.841  -144.274  -124.255  -222.082
  -174.357  -178.544  -144.042  -164.149  -247.699
  -206.800  -189.840  -178.166  -198.023  -162.454
  -238.728  -182.050  -225.737  -206.445  -235.770
  -227.803  -268.193  -219.593  -188.668  -224.204
  -200.993  -202.175  -218.429  -184.242  -216.220
  -205.671  -180.479  -167.837  -140.927  -181.740
  -202.953  -178.365  -226.008  -183.572  -234.230
  -144.892  -218.152  -197.227  -192.020  -189.219
  -245.969  -179.185  -191.402  -167.197  -160.427
  -228.045  -164.875  -218.763  -251.813  -170.041
  -214.467  -220.355  -235.349   453.663  -201.682
   520.622  -277.458  -252.432  -213.534  -222.305
   373.710  -258.989   426.567  -250.230  -242.167
  -250.482  -270.887  -223.264  -227.559  -228.390
  -246.352  -278.331  -317.969  -241.382  -247.459
  -207.801  -240.855  -220.855  -219.936  -195.454
  -201.098  -293.760  -210.030  -191.064  -206.035
  -313.331  -213.975  -214.233  -158.266  -286.208
  -143.916  -146.587  -208.819  -190.335  -227.977
  -197.803  -189.677  -213.415  -141.945  -167.155
  -144.334  -161.885  -160.519  -194.715  -149.677
  -186.145  -255.326  -195.883  -237.397  -203.810
  -241.547  -215.219  -192.701  -191.412  -228.559
  -185.103