  -212.368  -156.908  -159.399  -192.277  -227.022
  -114.857  -146.238  -148.034  -206.546  -194.274
  -183.702  -207.533  -188.362  -168.824  -249.473
  -189.349  -240.788  -147.086  -181.830  -235.448
  -170.321  -218.190  -200.119  -138.438  -194.155
  -222.403  -176.340  -197.861  -220.821  -189.673
  -224.464  -196.675  -133.297  -160.507  -138.098
  -160.095  -208.296  -134.368  -159.754  -145.503
  -154.139  -143.959  -175.938  -167.921  -142.161
  -162.880  -212.000  -151.115  -187.890  -153.891
  -201.431  -173.216  -181.543  -194.813  -210.183
  -180.891  -254.899  -214.276  -226.430  -244.531
  -241.628  -143.032  -210.361  -473.587  -188.425
 -1222.158  -131.822  -144.633  -126.257  -232.585
  -179.783  -181.723  -143.619  -163.258  -252.375
  -210.079  -196.031  -183.115  -204.252  -173.942
  -240.007  -182.107  -227.887  -207.211  -238.500
  -233.208  -268.121  -219.472  -190.100  -224.806
  -203.057  -201.748  -217.191  -186.551  -219.842
  -203.489  -184.669  -173.027  -137.616  -186.180
  -201.905  -178.297  -224.005  -180.479  -235.967
  -146.967  -216.470  -197.380  -193.096  -190.385
  -240.128  -181.462  -195.217  -168.039  -160.962
  -220.346  -160.992  -222.731  -250.110  -169.075
  -212.482  -219.870  -250.314  -133.001  -202.534
  -221.413  -262.860  -283.105  -195.683  -217.955
  -267.934  -262.840  -270.940  -230.278  -252.245
  -226.083  -283.864  -210.562  -230.272  -210.028
  -252.813  -276.267  -330.307  -245.253  -241.852
  -197.481  -237.433  -214.101  -236.016  -199.589
  -200.142  -296.976  -213.262  -191.807  -201.874
  -319.840  -218.704  -214.682  -154.956  -285.529
  -147.712  -133.183  -200.290  -189.480  -221.785
  -196.502  -174.998  -202.755  -140.176  -158.481
  -150.303  -158.922  -153.140  -190.573  -150.005
  -174.217  -260.732  -191.546  -198.913  -181.349
  -240.850  -205.599  -184.075  -175.169  -230.092
  -176.469