   241.047   194.802  -177.990  -235.147  -228.326
   -62.091  -127.793  -174.167  -168.232  -146.003
  -190.030  -225.270  -166.525  -170.320  -239.780
  -158.344  -224.424  -154.762  -176.966  -236.648
  -177.138  -218.713  -199.628  -126.380  -196.114
  -229.171  -162.111  -171.219  -241.333  -195.539
  -226.593  -207.736  -134.000  -156.136  -153.061
  -161.688  -209.571  -133.655  -158.519  -151.379
  -155.669  -137.084  -173.966  -171.131  -140.210
  -167.806  -217.561  -150.487  -198.826  -171.231
  -206.284  -180.742  -185.035  -206.201  -213.134
  -189.264  -265.390  -215.422  -225.729  -240.933
  -238.441  -153.063  -229.093  -412.315  -192.370
  -971.369  -132.487  -145.818  -124.506  -225.423
  -172.721  -180.603  -146.949  -168.062  -248.174
  -207.461  -198.086  -180.532  -200.935  -161.694
  -243.503  -185.809  -230.137  -211.541  -236.132
  -227.267  -269.221  -223.345  -190.981  -230.774
  -207.518  -203.826  -221.989  -184.360  -218.440
  -210.203  -183.797  -174.351  -146.232  -187.354
  -213.864  -180.552  -231.865  -192.988  -236.727
  -151.480  -224.446  -198.421  -199.859  -193.849
  -247.523  -188.471  -194.646  -171.622  -164.985
  -234.390  -172.410  -233.615  -256.850  -178.153
  -222.500  -227.228  -233.810  -189.762   463.776
  -247.061  -281.567  -256.222  -214.406  -229.113
   408.150  -258.423   419.955  -246.971  -237.466
  -254.857  -278.598  -230.116  -213.886  -231.671
  -254.424  -282.079  -320.418  -245.189  -251.538
  -208.119  -242.812  -220.853  -224.255  -205.154
  -214.901  -299.021  -214.712  -191.914  -208.163
  -320.342  -218.920  -224.789  -163.774  -289.643
  -145.471  -153.442  -214.857  -188.842  -232.502
  -205.677  -196.557  -216.841  -145.340  -175.357
  -151.048  -169.749  -164.274  -196.482  -150.337
  -189.915  -261.124  -199.155  -247.736  -217.442
  -251.398  -222.472  -197.664  -195.734  -236.404
  -192.904