  -258.654  -152.633  -167.675  -204.748  -243.091
  -106.889  -155.059  -169.656  -207.389  -204.820
  -174.749  -212.960  -194.174  -172.129  -253.231
  -177.048  -244.141  -145.040  -178.760  -236.238
  -175.029  -219.586  -205.653  -143.808  -190.160
  -219.398  -186.739  -197.243  -239.634  -182.643
  -226.218  -202.828  -136.347  -156.995  -128.593
  -164.952  -207.018  -145.269  -162.081  -144.389
  -160.401  -144.639  -177.315  -172.813  -145.014
  -168.090  -211.314  -139.972  -199.775  -156.820
  -211.261  -178.293  -190.446  -205.186  -212.774
  -188.010  -254.138  -221.885  -227.735  -237.079
  -246.755  -147.893  -219.113  -408.166  -186.437
  -975.384  -130.181  -146.015  -128.062  -224.279
  -175.915  -180.023  -150.426  -161.991  -247.203
  -208.245  -183.966  -181.769  -198.781  -164.486
  -245.467  -185.474  -229.919  -212.178  -237.348
  -232.979  -269.809  -229.303  -192.322  -224.038
  -198.338  -203.987  -217.452  -188.854  -224.397
  -217.453  -184.034  -174.617  -144.104  -192.371
  -204.450  -179.147  -229.907  -184.680  -237.529
  -144.378  -227.539  -203.357  -205.697  -192.259
  -247.991  -188.782  -193.130  -171.012  -165.860
  -233.193  -168.742  -222.739  -263.567  -173.140
  -218.567  -228.396  -246.024  -183.278  -179.036
  -247.092  -273.802  -287.691  -525.771  -236.612
  -298.617  -301.507  4435.050  -278.119  -243.262
  -251.150  -291.964  -234.441  -247.926  -240.529
  -249.681  -296.827  -318.898  -255.554  -254.929
  -211.902  -247.779  -229.539  -237.659  -206.699
  -218.655  -302.477  -223.308  -199.343  -210.622
  -319.991  -218.736  -233.724  -165.280  -290.969
  -155.820  -156.202  -212.974  -194.744  -239.262
  -207.625  -203.593  -225.028  -146.432  -174.264
  -154.895  -166.152  -170.611  -198.636  -155.446
  -194.158  -261.983  -195.716  -254.007  -223.085
  -252.311  -230.089  -195.004  -200.370  -236.413
  -188.355 
