 -578.445  -682.56   -634.957  -570.61   -551.866  
 -342.916  -423.225  -435.457  -628.611  -436.38   
 -510.77   -515.842  -406.42   -470.623  -638.192  
 -510.909  -509.55   -354.797  -598.511  -520.413 
 -481.726  -652.571  -433.369  -447.168  -517.645  
 -543.789  -450.088  -510.198  -539.354  -484.122  
 -559.176  -511.16   -281.178  -357.647  -339.256  
 -410.712  -462.171  -308.327  -342.515  -400.482  
 -317.669  -333.641  -382.869  -360.926  -340.742  
 -434.398  -619.548  -373.485  -450.07   -383.119  
 -510.654  -444.31   -430.227  -544.26   -501.891  
 -423.031  -575.758  -506.956  -555.488  -562.393  
 -609.799  -362.977  -445.258  -634.416  -485.283  
 -363.413  -327.938  -368.562  -360.853  -1175.85   
 -477.04   -437.446  -378.385  -436.304  -590.158   
 -549.38   -558.135  -557.769  -406.372  -452.896   
 -684.689  -535.348  -624.771  -500.191  -687.288  
 -505.809  -682.247  -512.508  -509.675  -535.768  
 -584.159  -562.329  -535.892  -482.047  -591.354  
 -536.718  -380.35   -394.046  -387.084  -463.004  
 -501.805  -412.838  -554.824  -481.35   -528.568  
 -360.368  -500.852  -459.016  -442.457  -521.098  
 -584.882  -458.442  -476.703  -435.676  -409.082  
 -538.651  -467.027  -539.647  -638.07   -432.757  
 -543.936  -552.71   -523.68   -436.648  -467.663  
 -517.26   -584.196  -548.426  -448.568  -479.665  
 -610.72   -554.516  -491.528  -520.312  -623.152  
 -563.596  -608.638     0.000  -482.195  -557.003  
 -631.233  -535.721   -653.81  -472.093  -667.003  
 -521.589  -443.698  -592.979  -543.063  -572.533  
 -571.458  -575.232  -483.092  -600.943  -545.32  
 -671.149  -520.871  -605.17   -384.498  -583.22  
 -354.667  -465.146  -415.986  -389.552  -551.774  
 -454.897  -405.706  -431.623  -362.822  -418.157  
    0.000     0.000     0.000     0.000     0.000
    0.000     0.000     0.000     0.000     0.000
    0.000     0.000     0.000     0.000     0.000
    0.000
