    44.202  -155.049  -169.112  -201.686  -234.053
  -115.208  -152.223  -150.001  -205.260  -197.951
  -173.074  -209.897  -180.734  -161.712  -255.269
  -185.761  -233.589  -123.681  -169.571  -228.720
  -167.634  -215.035  -198.562  -136.565  -189.887
  -221.196  -177.207  -202.113  -222.541  -169.244
  -223.101  -196.298  -135.657  -145.996  -137.014
  -164.112  -199.807  -128.001  -158.158  -140.802
  -155.928  -140.258  -172.013  -170.319  -131.371
  -162.007  -208.869  -132.223  -190.656  -156.043
  -201.821  -170.780  -187.048  -199.741  -208.604
  -179.871  -256.596  -209.780  -229.367  -243.163
  -241.037  -145.607  -216.987  -414.560  -185.581
  -926.079  -126.706  -143.981  -125.138  -223.340
  -177.703  -175.967  -144.135  -153.170  -248.627
  -208.288  -177.942  -177.666  -191.922  -168.644
  -232.062  -177.704  -228.408  -209.143  -235.099
  -228.770  -267.702  -220.366  -185.179  -208.827
  -187.682  -196.028  -211.094  -185.630  -218.674
  -202.993  -178.454  -158.087  -136.066  -180.684
  -185.325  -174.791  -220.495  -168.769  -229.623
  -130.858  -217.507  -199.221  -188.665  -181.320
  -244.970  -178.175  -188.338  -166.678  -159.927
  -208.086  -154.177  -193.490  -251.437  -160.971
  -205.526  -221.423  -238.398  -194.840  -182.812
  -246.423  -273.585  -237.833  -221.423  -217.827
  -276.526  -265.747  -266.598  -254.928  -244.528
  -235.412  -275.383  -232.530  -238.630  -228.034
  -250.516  -278.652  -315.533  -238.911  -237.526
  -199.766  -237.434  -220.175  -225.821  -190.035
  -203.687  -284.234  -217.733  -198.411  -202.315
  -323.578  -216.111  -212.625  -154.215  -289.143
  -146.879  -130.297  -195.699  -190.792  -223.408
  -188.435  -173.028  -208.197  -138.213  -155.649
  -151.552  -160.837  -157.903  -192.417  -143.593
  -164.773  -251.079  -191.205  -198.825  -178.347
  -241.844  -196.236  -179.171  -176.337  -227.386
  -175.760