  -177.725  -168.107  -174.114  -199.732  -248.907
  -109.240  -155.776  -147.119  -214.826  -223.987
  -185.680  -208.980  -199.143  -171.631  -266.617
  -199.966  -253.746  -153.106  -181.549  -226.666
  -170.986  -217.689  -198.179  -142.121  -201.198
  -223.101  -185.371  -227.838  -224.322  -189.454
  -227.451  -204.143  -135.994  -150.404  -138.040
  -169.854  -214.232  -145.483  -164.713  -147.423
  -154.543  -142.828  -174.424  -172.025  -138.273
  -168.615  -217.039  -146.973  -201.893  -159.554
  -206.032  -179.462  -184.888  -199.973  -217.224
  -185.635  -252.985  -221.553  -230.016  -248.832
  -251.784  -149.887  -216.543  -473.271  -190.543
 -1195.221  -127.400  -143.154  -121.561  -227.433
  -176.176  -179.104  -145.242  -164.953  -253.320
  -209.130  -196.266  -182.818  -197.811  -161.836
  -242.999  -183.430  -224.244  -211.124  -234.166
  -228.047  -270.339  -223.772  -191.065  -228.082
  -208.783  -203.880  -218.231  -184.805  -217.817
  -209.939  -178.374  -168.661  -142.409  -184.358
  -207.382  -180.638  -229.746  -185.363  -236.666
  -152.123  -223.544  -196.149  -195.190  -184.850
  -246.732  -184.591  -189.507  -167.760  -162.226
  -229.999  -166.336  -225.516  -255.332  -174.019
  -219.666  -219.889  -233.922  -152.785  -184.938
  -226.694  -280.641  -254.211  -211.893  -228.753
   417.279  -271.354   372.127  -237.957   393.874
  -228.181  -283.981  -231.103  -211.525  -220.089
  -247.758  -278.948  -325.913  -249.551  -247.768
  -209.049  -252.514  -225.837  -227.908  -197.134
  -200.762  -298.016  -216.881  -190.101  -203.388
  -323.404  -221.868  -206.438  -159.301  -293.516
  -149.462  -147.295  -208.405  -197.674  -227.791
  -197.910  -183.526  -215.505  -142.366  -161.691
  -148.497  -163.774  -163.039  -200.098  -152.146
  -183.000  -266.063  -193.280  -231.399  -200.195
  -240.938  -211.983  -189.834  -188.807  -229.745
  -181.160