  -164.106  -150.284  -166.638  -201.579  -237.181
  -114.876  -151.756  -147.660  -209.063  -209.063
  -177.485  -207.727  -191.245  -175.971  -209.063
  -186.483  -209.063  -145.130  -180.384  -232.140
  -176.884  -223.018  -203.034  -162.000  -204.034
  -218.223  -178.137  -198.349  -220.965  -181.172
  -224.683  -197.218  -134.794  -150.164  -140.471
  -160.893  -203.243  -133.980  -156.631  -143.644
  -153.400  -139.301  -172.914  -172.911  -139.068
  -162.390  -206.593  -150.200  -195.390  -152.055
  -200.474  -171.040  -184.563  -192.023  -208.811
  -182.277  -258.694  -208.876  -222.158  -244.866
  -244.523  -145.496  -212.841  -470.555  -184.697
 -1207.431  -129.286  -146.782  -126.876  -229.546
  -180.271  -180.567  -149.025  -164.182  -251.665
  -211.387  -203.926  -180.099  -203.033  -171.967
  -241.360  -182.481  -236.091  -209.658  -237.642
  -229.719  -274.172  -220.720  -187.958  -224.580
  -204.217  -201.179  -220.687  -186.632  -218.918
  -205.405  -183.033  -167.393  -138.923  -187.034
  -197.337  -174.851  -226.429  -182.145  -230.878
  -148.147  -211.849  -193.823  -186.128  -195.025
  -242.825  -176.951  -195.901  -171.560  -158.526
  -219.520  -163.410  -226.172  -256.726  -176.464
  -217.136  -226.086  -237.647  -172.423  -201.417
  -235.072  -270.609  -250.807  -191.054  -215.900
  -271.305  -246.448  -254.721  -244.258  -236.247
  -241.074  -265.828  -280.042  -218.742  -213.835
  -246.743  -268.651  -313.935  -239.548  -245.228
  -205.373  -244.589  -217.983  -228.311  -201.591
  -204.531  -292.773  -220.147  -196.751  -210.752
  -319.424  -213.436  -214.378  -150.974  -288.054
  -144.794  -137.940  -199.775  -188.711  -222.580
  -187.988  -179.009  -201.864  -139.002  -161.314
  -146.596  -162.750  -155.983  -184.623  -146.135
  -168.612  -258.187  -258.187  -199.820  -179.509
  -240.621  -203.805  -178.533  -178.325  -228.058
  -172.525