  -207.410  -146.173  -188.076  -237.056  -200.696
  -133.345  -168.294  -170.693  -180.468  -180.605
  -204.335  -202.706  -161.026  -164.787  -200.113
  -190.761  -208.778  -157.766  -212.606  -182.708
  -181.238  -329.215  -127.047  -181.106  -204.712
  -241.628  -167.535  -193.427  -203.786  -179.848
  -216.217  -174.482  -124.930  -150.898  -134.869
  -135.904  -185.249  -131.879  -143.973  -208.788
  -130.323  -134.003  -171.077  -140.342   -82.293
   -82.293  -235.106  -176.057  -186.355  -161.714
  -201.473  -162.582  -150.815  -248.594   -95.328
  -180.195  -258.503  -174.224  -186.017  -204.284
  -215.697  -149.088  -212.336  -240.791  -234.511
  -137.211  -123.324  -129.722  -205.196  -580.543
  -150.796  -149.936  -168.756  -162.047  -234.426
  -178.452  -219.716  -246.833  -169.549  -134.495
  -210.214  -198.611  -209.645  -173.063  -227.548
  -180.241  -238.688  -196.559  -179.451  -202.801
  -219.497  -189.472  -193.703  -167.469  -210.222
  -183.783  -142.278  -150.939  -127.956  -173.256
  -193.315  -159.679  -205.938  -177.411  -188.171
  -133.575  -183.259  -174.132  -167.041  -190.894
  -217.434  -163.458  -165.013  -153.664  -148.988
  -192.954  -170.058  -193.259  -211.648  -163.798
  -195.565  -185.430  -178.705  -165.192  -178.538
  -191.273  -203.610  -192.172  -175.625  -187.099
  -226.456  -212.256  -182.226  -186.598  -221.390
  -205.230  -220.843  -177.235  -182.901  -201.141
  -215.596  -215.795  -240.376  -191.235  -247.198
  -195.448  -167.090  -205.731  -198.320  -204.205
  -198.212  -224.424  -189.707  -209.493  -211.059
  -234.816  -203.172  -212.061  -139.630  -231.663
  -129.743  -188.439  -176.198  -135.444  -189.612
  -163.304  -154.979  -149.908  -125.606  -149.735
     0.000     0.000     0.000     0.000     0.000
     0.000     0.000     0.000     0.000     0.000
     0.000     0.000

