   331.896  -236.829  -192.836  -299.907  -252.774
  -164.416  -194.840  -216.691  -266.492  -210.814
  -233.896  -230.735  -323.394  -236.243  -307.672
  -255.800  -248.289  -176.467  -296.984  -257.089
  -241.651  -313.158  -206.262  -227.659  -264.429
  -270.764  -222.756  -257.678  -271.779  -240.116
  -285.916  -248.094  -146.000  -176.198  -168.579
  -210.437  -238.421  -165.612  -174.525  -203.411
  -162.905  -179.799  -196.983  -180.072     0.000
     0.000  -305.615  -194.409  -232.406  -193.082
  -251.710  -225.571  -217.880  -291.28   -251.83 
  -220.722  -272.774  -234.298  -256.022  -267.757
  -286.526  -177.430  -223.936  -312.392  -243.960
  -191.323  -159.465  -180.447  -304.66  -685.747
  -237.480  -208.494  -185.052  -219.202  -297.159
  -262.375  -286.106  -271.724  -212.005  -211.494
  -344.325  -264.575  -307.467  -255.943  -329.107
  -249.830  -338.829  -257.288  -252.275  -269.268
  -288.122  -263.267  -268.102  -236.016  -295.337
  -271.437  -192.575  -203.324  -200.657  -236.485
  -248.495  -206.112  -272.303  -236.687  -259.281
  -183.271  -246.889  -233.267  -226.799  -263.715
  -286.347  -229.179  -239.112  -221.730  -208.436
  -270.568  -238.701  -265.049  -313.690  -215.251
  -272.587  -272.543  -259.002  -225.447  -231.678
  -255.445  -285.705  -266.072  -228.009  -241.593
  -298.239  -274.746  -240.201  -253.154  -302.558
  -275.384  -294.729  -300.283  -234.840  -264.516
  -302.113  -247.159  -320.403  -234.868  -330.333
  -258.044  -230.005  -291.260  -257.978  -277.028
  -278.912  -280.790  -234.720  -301.222  -278.097
  -307.840  -243.905  -302.245  -189.553  -266.368
  -164.745  -214.727  -184.490  -190.761  -265.625
  -226.240  -203.377  -208.423  -177.105  -210.287
     0.000     0.000     0.000     0.000     0.000
     0.000     0.000     0.000     0.000     0.000
     0.000     0.000