  -248.753   414.241  -189.307  -268.694  -260.966
  -175.807  -202.180  -228.027  -259.183  -218.214
  -268.690  -250.845  -260.472  -233.486  -311.613
  -256.921  -267.282  -196.465  -311.468  -269.135
  -240.306  -380.382  -192.516  -228.219  -257.172
  -291.325  -234.348  -257.392  -269.491  -243.268
  -277.070  -241.360  -145.054  -182.273  -166.888
  -214.295  -238.929  -163.081  -184.115  -256.267
  -161.758  -175.384  -253.056  -188.378     0.000
     0.000  -310.634  -206.091  -232.109  -200.707
  -257.054  -219.996  -210.086     0.000   525.566
  -209.893  -365.920  -235.786  -253.045  -268.858
  -292.039  -218.165  -239.319  -326.017  -257.313
  -189.078  -158.963  -178.929  -276.323  -588.002
  -292.046  -201.217  -204.602  -216.079  -292.132
  -264.711  -272.862  -313.191  -219.584  -213.594
  -279.793  -266.699  -297.272  -349.849  -315.063
  -242.070  -335.947  -256.819  -251.258  -264.212
  -284.698  -271.607  -262.429  -237.461  -283.237
  -265.495  -193.823  -199.203  -168.983  -235.026
  -246.187  -218.114  -274.694  -235.453  -256.018
  -175.713  -248.561  -218.362  -213.874  -252.272
  -282.929  -220.454  -239.455  -212.448  -199.350
  -258.881  -231.697  -263.013  -305.958  -212.373
  -264.426  -262.297  -245.149  -213.307  -225.019
  -244.638  -274.312  -256.897  -224.261  -234.510
  -287.126  -272.489  -233.566  -248.914  -292.018
  -262.835  -283.067  -293.263  -228.290  -258.328
  -288.892  -245.874  -314.799  -231.112  -322.913
  -254.298  -222.318  -282.452  -252.959  -268.121
  -269.764  -271.616  -234.767  -296.985  -273.873
  -300.303  -239.535  -297.566  -192.155  -268.212
  1006.083  -220.527  -200.641  -179.013  -257.212
  -219.139  -193.591  -208.296  -169.307  -205.620
     0.000     0.000     0.000     0.000     0.000
     0.000     0.000     0.000     0.000     0.000
     0.000     0.000


