146.32, 146.31, 146.32, 146.32, 146.31, 
146.32, 
140.21, 140.20, 140.20, 140.21, 140.20, 
140.20, 
125.97, 125.97, 125.97, 125.97, 125.97, 
125.97, 125.97, 125.97, 
110.66, 110.66, 110.67, 110.67, 110.67, 
110.66, 110.66, 110.67, 110.67, 110.67, 
100.68, 100.68, 100.68, 100.68, 100.68, 
100.68, 100.68, 100.68, 100.68, 100.68, 
 90.00,  90.00,  90.00,  90.00,  90.00, 
 90.00,  90.00,  90.00,  90.00,  90.00, 
 90.00,  90.00,  
 81.89,  81.89,  81.89,  81.89,  81.89,
 81.89,  81.89,  81.89,  81.89,  81.89,
 81.89,  81.89,  81.89,  81.89,
 73.91,  73.91,  73.91,  73.91,  73.91,
 73.91,  73.91,  73.91,  73.91,  73.91,
 73.91,  73.91,  73.91,  73.91, 
 65.04,  65.04,  65.04,  65.04,  65.03, 
 65.04,  65.03,  65.04,  65.04,  65.04, 
 65.04,  65.03,  65.04,  65.03,
 56.29,  56.29,  56.29,  56.29,  56.29,
 56.28,  56.28,  56.29,  56.29,  56.29,
 56.29,  56.29,  56.28,  56.28,
 48.86,  48.86,  48.86,  48.85,  48.86,
 48.86,  48.86,  48.86,  48.86,  48.86,
 48.85,  48.86,  48.86,  48.86,
 41.78,  41.78,  41.78,  41.78,  41.78,
 41.78,  41.78,  41.78, 
 35.64,  38.51,  36.82,  38.51,  35.64, 
 35.64,  38.51,  36.82,  38.51,  35.64, 
 35.64,  38.51,  36.82,  38.51,  35.64, 
 35.64,  38.51,  36.82,  38.51,  35.64, 
 30.22,  32.15,  32.15,  30.22,  30.22, 
 32.15,  32.15,  30.22,  30.22,  32.15, 
 32.15,  30.22,  30.22,  32.15,  32.15, 
 30.22,
 24.19,  25.61,  24.19,  24.19,  25.61,
 24.19,  24.19,  25.61,  24.19,  24.19,
 25.61,  24.19,
 17.69,  17.69,  17.69,  17.69,  17.69,
 17.69,  17.69,  17.69,
