163.4, 163.4, 163.4, 163.4, 163.4, 
163.4, 

141.1, 141.1, 141.1, 141.1, 141.1,
141.1,

122.0, 122.0, 122.0, 122.0, 122.0, 
122.0, 122.0, 122.0, 

107.6, 107.6, 107.6, 107.6, 107.6, 
107.6, 107.6, 107.6, 107.6, 107.6, 

98.4, 98.4, 98.4, 98.4, 98.4, 
98.4, 98.4, 98.4, 98.4, 98.4, 

87.8, 87.8, 87.8, 87.8, 87.8, 
87.8, 87.8, 87.8, 87.8, 87.8, 
87.8, 87.8, 

80.5, 80.5, 80.5, 80.5, 80.5, 
80.5, 80.5, 80.5, 80.5, 80.5, 
80.5, 80.5, 80.5, 80.5,

71.9, 71.9, 71.9, 71.9, 71.9, 
71.9, 71.9, 71.9, 71.9, 71.9, 
71.9, 71.9, 71.9, 71.9,

63.2, 63.2, 63.2, 63.2, 63.2, 
63.2, 63.2, 63.2, 63.2, 63.2, 
63.2, 63.2, 63.2, 63.2,

54.2, 54.2, 54.2, 54.2, 54.2, 
54.2, 54.2, 54.2, 54.2, 54.2, 
54.2, 54.2, 54.2, 54.2,

45.6, 45.6, 45.6, 45.6, 45.6, 
45.6, 45.6, 45.6, 45.6, 45.6, 
45.6, 45.6, 45.6, 45.6,

44.6, 44.6, 44.6, 44.6, 44.6, 
44.6, 44.6, 44.6,

40.8, 40.8, 40.8, 40.8, 40.8, 
40.8, 40.8, 40.8, 40.8, 40.8, 
40.8, 40.8, 40.8, 40.8, 40.8, 
40.8, 40.8, 40.8, 40.8, 40.8, 

34.9, 34.9, 34.9, 34.9, 34.9, 
34.9, 34.9, 34.9, 34.9, 34.9, 
34.9, 34.9, 34.9, 34.9, 34.9, 
34.9,

26.8, 26.8, 26.8, 26.8, 26.8, 
26.8, 26.8, 26.8, 26.8, 26.8, 
26.8, 26.8,

11.7, 11.7, 11.7, 11.7, 11.7, 
11.7, 11.7, 11.7,
