147.168
147.999
146.97
147.342
147.532
147.259
141.05
140.538
141.221
141.065
140.606
141.188
127.232
127.425
127.024
126.794
127.189
127.4
126.969
126.942
112.816
112.793
112.829
112.866
112.829
112.7
112.786
112.764
112.826
112.762
102.382
102.397
102.397
102.461
102.405
102.453
102.416
102.376
102.397
102.372
91.0979
91.0821
91.1141
91.135
91.1304
91.1503
91.138
91.0951
91.1173
91.1241
91.0829
91.0897
82.5142
82.4916
82.4913
82.4705
82.4986
82.4887
82.5407
82.4743
82.4946
82.5039
82.4453
82.4635
82.4495
82.5068
74.1192
74.1582
74.1731
74.17
74.178
74.1497
74.1819
74.1917
74.2076
74.1836
74.1381
74.142
74.1721
74.2025
65.0538
65.027
65.0972
65.0282
65.0083
65.0363
65.0327
65.0344
65.0216
65.0246
64.9988
65.0736
65.0488
65.0814
55.8261
55.8553
55.8579
55.8345
55.854
55.7882
55.78
55.8042
55.8133
55.89
55.7981
55.8635
55.8104
55.7972
47.9013
47.8461
47.8964
47.8303
47.8354
47.8465
47.7935
47.8401
47.9021
47.8972
47.8477
47.8889
47.8726
47.8361
43.1679
42.7878
42.7633
42.9523
43.1242
42.7802
42.7873
42.9343
38.9684
39.6194
38.3881
40.5092
38.5766
38.593
40.45
38.5431
39.6139
38.867
39.0037
39.7112
38.396
40.4371
38.5369
38.5458
40.3667
38.5897
39.6769
38.9327
33.5637
34.1415
34.1223
33.5238
33.5399
34.1146
34.1599
33.5008
33.5408
34.1566
34.16
33.5404
33.4555
34.1421
34.108
33.5506
27.2816
27.4876
27.2455
27.2533
27.5619
27.2733
27.2629
27.4359
27.2852
27.2092
27.5169
27.262
19.9647
19.9053
19.958
19.9468
20.0247
19.9579
19.9856
19.9172
