148.394 148.701 148.305 148.313
148.504 148.099

141.356 141.212 141.906 141.429
141.142 141.617

127.493 127.172 127.089 126.812
127.048 127.32  127.005 127.094

112.336 112.186 112.181 112.191
112.306 112.107 112.157 112.135
112.398 112.138

101.589 101.624 101.678 101.65
101.626 101.678 101.581 101.632
101.648 101.716

90.4013 90.3059 90.3496 90.3922
90.3856 90.319  90.2558 90.3644
90.212  90.3551 90.2291 90.3188

81.7602 81.7266 81.7992 81.8255
81.7983 81.71   81.8338 81.8311
81.8258 81.8491 81.7562 81.8895
81.8208 81.8266

73.5864 73.4683 73.4688 73.4662
73.5732 73.6248 73.6275 73.6041
73.5523 73.4856 73.6931 73.549
73.6063 73.5393

64.3709 64.5042 64.4593 64.4465
64.4657 64.3015 64.4155 64.3812
64.427  64.4835 64.3217 64.5191
64.4078 64.3842

55.2683 55.1778 55.2791 55.2966
55.3076 55.2216 55.2726 55.1776
55.1031 55.331  55.3443 55.3753
55.2801 55.3361

47.5037 47.3828 47.118  47.3992
47.5004 47.4724 47.3755 47.4891
47.3766 47.4858 47.2468 47.3555
47.4007 47.4575

42.7054 42.3458 42.3355 42.7054
42.8275 42.5791 42.61   42.7018

38.4038 39.1092 38.0896 39.9429
38.0381 38.2589 40.081  37.9773
39.2943 38.4508 38.6486 39.4323
37.89   40.0322 38.1041 38.275
39.8974 38.2869 39.3577 38.626

33.1413 33.7601 33.8328 33.1328
33.1585 33.631  33.667  33.042
33.1896 33.7739 33.7842 33.1883
33.1262 33.7798 33.7368 33.0479

26.8587 26.93   26.7061 26.7496
26.8032 26.7742 26.6553 26.9475
26.6716 26.9202 26.9226 26.7871

19.1471 19.1152 19.1702 19.1797
19.182  19.096  19.1775 19.1711
