0.0000, 4.2819, 8.4385, 10.811, 9.9220, 
10.245, 7.1295, 5.5402, 9.1690, 9.6753, 
4.3962, 8.7831, 8.1340, 4.5471, 7.6965, 
8.3064, 10.106, 9.2685, 9.1146, 9.0760, 
8.7225, 9.0389, 7.4818, 14.320, 7.4249, 
7.9378, 9.7629, 6.5539, 8.4521, 14.677, 
7.4108, 5.6496, 10.879, 10.893, 11.471, 
10.987, 11.723, 10.058, 8.2609, 9.1162, 
8.9324, 15.939, 8.5890, 7.9205, 7.8870, 
7.8509, 5.1982, 6.3445, 9.3458, 13.003, 
10.459, 9.7259, 10.809, 10.928, 12.341, 
9.2670, 14.192, 14.052, 12.792, 13.019, 
12.351, 12.263, 11.704, 23.733, 15.194, 
17.403, 13.344, 15.176, 13.115, 14.251, 
14.763, 14.478, 13.205, 12.611, 13.030, 
13.594, 12.688, 14.251, 23.943, 19.846, 
13.749, 21.099, 13.483, 16.354, 12.677, 
16.249, 16.387, 13.081, 13.917, 14.212, 
14.505, 12.408, 15.111, 10.616, 11.495, 
13.513, 22.091, 14.954, 15.400, 14.059, 
15.341, 13.071, 14.252, 14.217, 14.532, 
15.031, 11.144, 13.478, 15.238, 11.706, 
11.786, 12.825, 13.991, 14.983, 14.692, 
14.128, 14.649, 14.316, 15.000, 13.496, 
13.087, 14.845, 26.262, 22.287, 31.125, 
20.111, 27.390, 21.992, 29.147, 28.947, 
10.814, 28.723, 30.427, 28.815, 9.6526, 
10.020, 25.080, 24.685, 23.553, 8.6435, 
7.6484, 29.248, 34.394, 21.331, 15.347, 
16.820, 29.156, 26.591, 27.802, 16.022, 
16.039, 32.024, 28.911, 15.661, 13.035, 
28.196, 35.940, 12.133, 14.140, 27.877, 
25.992, 19.010, 22.760, 28.484, 29.064, 
18.254, 13.748, 28.749, 16.528, 14.797, 
29.296, 16.700, 17.619, 32.304, 14.791, 
13.739, 34.211, 20.389, 17.508, 16.490, 
18.947, 15.846, 15.674, 18.746, 17.783, 
16.975, 
