 0.0000,  0.0000, -9.5379, -8.1731, -8.1542, 
-7.8926, -10.454, -11.991, -8.2028, -7.7730, 
-14.191, -8.5200, -9.5503, -13.133, -9.3691, 
-8.9089, -7.0712, -8.0110, -8.5580, -8.4821, 
-8.9165, -8.3834, -9.9982, -3.6678, -10.166, 
-9.6019, -8.3372, -11.195, -8.4376, -2.5987, 
-10.465, -11.495, -6.8057, -6.6660, -6.3420, 
-6.3355, -6.0331, -7.8043, -9.1733, -8.5431, 
-8.4414, -1.3338, -9.5497, -9.1118, -9.7957, 
-10.060, -12.036, -10.975, -8.0466, -4.4387, 
-7.3570, -7.7961, -7.1453, -7.4482, -4.9161, 
-8.4372, -3.1560, -3.7328, -4.1021, -4.4112, 
-5.6085, -5.4081, -6.0222,  5.5174, -2.8798, 
-1.3856, -4.0488, -2.5236, -4.2852, -2.8868, 
-3.1228, -2.9947, -3.6183, -4.6497, -4.5162, 
-3.9976, -4.6424, -3.4883,  6.3605,  2.5103, 
-3.8673,  3.4527, -4.3723, -0.8576, -4.8412, 
-0.5178, -0.7323, -3.6468, -3.9583, -2.7984, 
-3.3630, -5.0817, -2.5040, -6.6691, -6.3126, 
-3.8518,  4.4134, -2.3677, -2.2057, -3.4162, 
-2.1189, -4.5673, -3.5705, -3.3569, -2.4432, 
-2.2998, -6.5150, -4.1692, -2.1109, -5.9340, 
-5.9501, -5.0825, -3.8334, -2.8981, -3.1509, 
-3.1719, -3.4073, -2.9283, -3.4050, -4.2797, 
-4.2500, -2.8008,  8.2872,  4.0277,  12.736, 
 2.7777,  9.4766,  3.6912,  11.439,  10.759, 
-5.4547,  10.589,  21.573,  10.507, -8.3936, 
-6.5352,  7.2017,  6.4943,  5.6194, -9.3471, 
-9.7179,  11.239,  16.893,  3.0184, -1.6341, 
-0.2351,  11.423,  8.1552,  9.7639, -2.1882, 
-1.4382,  14.131,  11.293, -2.4831, -4.8362, 
 10.482,  18.132, -5.6309, -3.4047,  10.805, 
 8.2245,  0.9343,  4.7990,  10.311,  11.342, 
 0.4897, -3.7225,  11.427, -0.2425, -2.3973, 
 12.257, -1.2318, -0.4218,  15.033, -2.4696, 
-3.7450,  16.939,  2.3024, -0.0030, -1.1950, 
 1.0245, -1.5375, -1.8907,  1.6205,  0.3186, 
 0.0941, 
